N          1.87732        1.42848        1.19760
C          2.27167        0.49105        0.45212
C          2.74703       -0.63895       -0.44650
C          2.83746       -0.49182       -1.77852
C          2.45566        0.76122       -2.41324
C          3.36167        1.81651       -2.48485
C          2.93737        3.06403       -2.93989
C          1.61165        3.27690       -3.36242
C          0.72721        2.18609       -3.29859
C          1.13417        0.94621       -2.81441
C          3.12087       -1.93352        0.16881
O          3.52460       -2.87813       -0.48678
O          2.98756       -2.00829        1.50745
C          1.70581        6.50414       -5.41429
C          2.08689        5.35455       -4.70165
C          1.19744        4.56516       -3.93498
C         -0.14057        5.06988       -3.85409
N         -1.16355        4.55090       -3.14790
S         -2.49904        5.47203       -3.45259
N         -1.85849        6.59612       -4.47654
C         -0.55445        6.29992       -4.63384
C          0.38613        6.99930       -5.45513
C          4.47214       12.81581      -12.56964
O          3.20825       13.44154      -12.38501
C          2.28710       12.74860      -11.65253
C          2.45039       11.46835      -11.13016
C          1.40902       10.86168      -10.41785
C          0.19834       11.53506      -10.17458
N         -0.88680       10.91230       -9.44643
C         -0.60672        9.97712       -8.38144
C          0.51285       10.13098       -7.54774
C          0.81995        9.18298       -6.57016
C         -0.00138        8.06585       -6.36921
C         -1.14677        7.93924       -7.16614
C         -1.43525        8.86740       -8.16150
C         -2.25611       11.17144       -9.83439
C         -2.59816       11.37082      -11.18277
C         -3.90758       11.66816      -11.56668
C         -4.91979       11.72284      -10.60852
O         -6.23452       12.00085      -10.85722
C         -6.56308       12.34194      -12.19837
C         -4.60880       11.48230       -9.27291
C         -3.29048       11.23142       -8.88468
C          0.06835       12.83774      -10.68494
C          1.08819       13.42411      -11.43629
H          3.17283       -1.29188       -2.43336
H          4.39342        1.69264       -2.16500
H          3.66240        3.87321       -2.95416
H         -0.30489        2.28076       -3.62933
H          0.40427        0.14393       -2.74213
H          2.65657       -1.24518        2.01113
H          2.47266        6.98781       -6.02167
H          3.12444        5.03841       -4.81600
H          5.10824       13.50139      -13.13452
H          4.37349       11.89521      -13.15443
H          4.96030       12.62432      -11.60820
H          3.36717       10.90419      -11.26481
H          1.55574        9.84363      -10.06409
H          1.17520       10.98569       -7.66174
H          1.72393        9.31977       -5.98173
H         -1.81875        7.09040       -7.05107
H         -2.30938        8.68917       -8.78258
H         -1.83904       11.29975      -11.95823
H         -4.09500       11.84910      -12.61882
H         -7.62990       12.58406      -12.23059
H         -6.39108       11.49488      -12.87029
H         -6.00908       13.22742      -12.52850
H         -5.39417       11.50282       -8.52189
H         -3.08135       11.08398       -7.82731
H         -0.83934       13.40968      -10.50886
H          0.94230       14.41862      -11.85090
