  1.0000 0.00000000
  1.0010 0.00000000
  1.0020 0.00000000
  1.0030 0.00000000
  1.0040 0.00000000
  1.0050 0.00000000
  1.0060 0.00000000
  1.0070 0.00000000
  1.0080 0.00000000
  1.0090 0.00000000
  1.0100 0.00000000
  1.0110 0.00000000
  1.0120 0.00000000
  1.0130 0.00000000
  1.0140 0.00000000
  1.0150 0.00000000
  1.0160 0.00000000
  1.0170 0.00000000
  1.0180 0.00000000
  1.0190 0.00000000
  1.0200 0.00000000
  1.0210 0.00000000
  1.0220 0.00000000
  1.0230 0.00000000
  1.0240 0.00000000
  1.0250 0.00000000
  1.0260 0.00000000
  1.0270 0.00000000
  1.0280 0.00000000
  1.0290 0.00000000
  1.0300 0.00000000
  1.0310 0.00000000
  1.0320 0.00000000
  1.0330 0.00000000
  1.0340 0.00000000
  1.0350 0.00000000
  1.0360 0.00000000
  1.0370 0.00000000
  1.0380 0.00000000
  1.0390 0.00000000
  1.0400 0.00000000
  1.0410 0.00000000
  1.0420 0.00000000
  1.0430 0.00000000
  1.0440 0.00000000
  1.0450 0.00000000
  1.0460 0.00000000
  1.0470 0.00000000
  1.0480 0.00000000
  1.0490 0.00000000
  1.0500 0.00000000
  1.0510 0.00000000
  1.0520 0.00000000
  1.0530 0.00000000
  1.0540 0.00000000
  1.0550 0.00000000
  1.0560 0.00000000
  1.0570 0.00000000
  1.0580 0.00000000
  1.0590 0.00000000
  1.0600 0.00000000
  1.0610 0.00000000
  1.0620 0.00000000
  1.0630 0.00000000
  1.0640 0.00000000
  1.0650 0.00000000
  1.0660 0.00000000
  1.0670 0.00000000
  1.0680 0.00000000
  1.0690 0.00000000
  1.0700 0.00000000
  1.0710 0.00000000
  1.0720 0.00000000
  1.0730 0.00000000
  1.0740 0.00000000
  1.0750 0.00000000
  1.0760 0.00000000
  1.0770 0.00000000
  1.0780 0.00000000
  1.0790 0.00000000
  1.0800 0.00000000
  1.0810 0.00000000
  1.0820 0.00000000
  1.0830 0.00000000
  1.0840 0.00000000
  1.0850 0.00000000
  1.0860 0.00000000
  1.0870 0.00000000
  1.0880 0.00000000
  1.0890 0.00000000
  1.0900 0.00000000
  1.0910 0.00000000
  1.0920 0.00000000
  1.0930 0.00000000
  1.0940 0.00000000
  1.0950 0.00000000
  1.0960 0.00000000
  1.0970 0.00000000
  1.0980 0.00000000
  1.0990 0.00000000
  1.1000 0.00000000
  1.1010 0.00000000
  1.1020 0.00000000
  1.1030 0.00000000
  1.1040 0.00000000
  1.1050 0.00000000
  1.1060 0.00000000
  1.1070 0.00000000
  1.1080 0.00000000
  1.1090 0.00000000
  1.1100 0.00000000
  1.1110 0.00000000
  1.1120 0.00000000
  1.1130 0.00000000
  1.1140 0.00000000
  1.1150 0.00000000
  1.1160 0.00000000
  1.1170 0.00000000
  1.1180 0.00000000
  1.1190 0.00000000
  1.1200 0.00000000
  1.1210 0.00000000
  1.1220 0.00000000
  1.1230 0.00000000
  1.1240 0.00000000
  1.1250 0.00000000
  1.1260 0.00000000
  1.1270 0.00000000
  1.1280 0.00000000
  1.1290 0.00000000
  1.1300 0.00000000
  1.1310 0.00000000
  1.1320 0.00000000
  1.1330 0.00000000
  1.1340 0.00000000
  1.1350 0.00000000
  1.1360 0.00000000
  1.1370 0.00000000
  1.1380 0.00000000
  1.1390 0.00000000
  1.1400 0.00000000
  1.1410 0.00000000
  1.1420 0.00000000
  1.1430 0.00000000
  1.1440 0.00000000
  1.1450 0.00000000
  1.1460 0.00000000
  1.1470 0.00000000
  1.1480 0.00000000
  1.1490 0.00000000
  1.1500 0.00000000
  1.1510 0.00000000
  1.1520 0.00000000
  1.1530 0.00000000
  1.1540 0.00000000
  1.1550 0.00000000
  1.1560 0.00000000
  1.1570 0.00000000
  1.1580 0.00000000
  1.1590 0.00000000
  1.1600 0.00000000
  1.1610 0.00000000
  1.1620 0.00000000
  1.1630 0.00000000
  1.1640 0.00000000
  1.1650 0.00000000
  1.1660 0.00000000
  1.1670 0.00000000
  1.1680 0.00000000
  1.1690 0.00000000
  1.1700 0.00000000
  1.1710 0.00000000
  1.1720 0.00000000
  1.1730 0.00000000
  1.1740 0.00000000
  1.1750 0.00000000
  1.1760 0.00000000
  1.1770 0.00000000
  1.1780 0.00000000
  1.1790 0.00000000
  1.1800 0.00000000
  1.1810 0.00000000
  1.1820 0.00000000
  1.1830 0.00000000
  1.1840 0.00000000
  1.1850 0.00000000
  1.1860 0.00000000
  1.1870 0.00000000
  1.1880 0.00000000
  1.1890 0.00000000
  1.1900 0.00000000
  1.1910 0.00000000
  1.1920 0.00000000
  1.1930 0.00000000
  1.1940 0.00000000
  1.1950 0.00000000
  1.1960 0.00000000
  1.1970 0.00000000
  1.1980 0.00000000
  1.1990 0.00000000
  1.2000 0.00000000
  1.2010 0.00000000
  1.2020 0.00000000
  1.2030 0.00000000
  1.2040 0.00000000
  1.2050 0.00000000
  1.2060 0.00000000
  1.2070 0.00000000
  1.2080 0.00000000
  1.2090 0.00000000
  1.2100 0.00000000
  1.2110 0.00000000
  1.2120 0.00000000
  1.2130 0.00000000
  1.2140 0.00000000
  1.2150 0.00000000
  1.2160 0.00000000
  1.2170 0.00000000
  1.2180 0.00000000
  1.2190 0.00000000
  1.2200 0.00000000
  1.2210 0.00000000
  1.2220 0.00000000
  1.2230 0.00000000
  1.2240 0.00000000
  1.2250 0.00000000
  1.2260 0.00000000
  1.2270 0.00000000
  1.2280 0.00000000
  1.2290 0.00000000
  1.2300 0.00000000
  1.2310 0.00000000
  1.2320 0.00000000
  1.2330 0.00000000
  1.2340 0.00000000
  1.2350 0.00000000
  1.2360 0.00000000
  1.2370 0.00000000
  1.2380 0.00000000
  1.2390 0.00000000
  1.2400 0.00000000
  1.2410 0.00000000
  1.2420 0.00000000
  1.2430 0.00000000
  1.2440 0.00000000
  1.2450 0.00000000
  1.2460 0.00000000
  1.2470 0.00000000
  1.2480 0.00000000
  1.2490 0.00000000
  1.2500 0.00000000
  1.2510 0.00000000
  1.2520 0.00000000
  1.2530 0.00000000
  1.2540 0.00000000
  1.2550 0.00000000
  1.2560 0.00000000
  1.2570 0.00000000
  1.2580 0.00000000
  1.2590 0.00000000
  1.2600 0.00000000
  1.2610 0.00000000
  1.2620 0.00000000
  1.2630 0.00000000
  1.2640 0.00000000
  1.2650 0.00000000
  1.2660 0.00000000
  1.2670 0.00000000
  1.2680 0.00000000
  1.2690 0.00000000
  1.2700 0.00000000
  1.2710 0.00000000
  1.2720 0.00000000
  1.2730 0.00000000
  1.2740 0.00000000
  1.2750 0.00000000
  1.2760 0.00000000
  1.2770 0.00000000
  1.2780 0.00000000
  1.2790 0.00000000
  1.2800 0.00000000
  1.2810 0.00000000
  1.2820 0.00000000
  1.2830 0.00000000
  1.2840 0.00000000
  1.2850 0.00000000
  1.2860 0.00000000
  1.2870 0.00000000
  1.2880 0.00000000
  1.2890 0.00000000
  1.2900 0.00000000
  1.2910 0.00000000
  1.2920 0.00000000
  1.2930 0.00000000
  1.2940 0.00000000
  1.2950 0.00000000
  1.2960 0.00000000
  1.2970 0.00000000
  1.2980 0.00000000
  1.2990 0.00000000
  1.3000 0.00000000
  1.3010 0.00000000
  1.3020 0.00000000
  1.3030 0.00000000
  1.3040 0.00000000
  1.3050 0.00000000
  1.3060 0.00000000
  1.3070 0.00000000
  1.3080 0.00000000
  1.3090 0.00000000
  1.3100 0.00000000
  1.3110 0.00000000
  1.3120 0.00000000
  1.3130 0.00000000
  1.3140 0.00000000
  1.3150 0.00000000
  1.3160 0.00000000
  1.3170 0.00000000
  1.3180 0.00000000
  1.3190 0.00000000
  1.3200 0.00000000
  1.3210 0.00000000
  1.3220 0.00000000
  1.3230 0.00000000
  1.3240 0.00000000
  1.3250 0.00000000
  1.3260 0.00000000
  1.3270 0.00000000
  1.3280 0.00000000
  1.3290 0.00000000
  1.3300 0.00000000
  1.3310 0.00000000
  1.3320 0.00000000
  1.3330 0.00000000
  1.3340 0.00000000
  1.3350 0.00000000
  1.3360 0.00000000
  1.3370 0.00000000
  1.3380 0.00000000
  1.3390 0.00000000
  1.3400 0.00000000
  1.3410 0.00000000
  1.3420 0.00000000
  1.3430 0.00000000
  1.3440 0.00000000
  1.3450 0.00000000
  1.3460 0.00000000
  1.3470 0.00000000
  1.3480 0.00000000
  1.3490 0.00000000
  1.3500 0.00000000
  1.3510 0.00000000
  1.3520 0.00000000
  1.3530 0.00000000
  1.3540 0.00000000
  1.3550 0.00000000
  1.3560 0.00000000
  1.3570 0.00000000
  1.3580 0.00000000
  1.3590 0.00000000
  1.3600 0.00000000
  1.3610 0.00000000
  1.3620 0.00000000
  1.3630 0.00000000
  1.3640 0.00000000
  1.3650 0.00000000
  1.3660 0.00000000
  1.3670 0.00000000
  1.3680 0.00000001
  1.3690 0.00000001
  1.3700 0.00000002
  1.3710 0.00000003
  1.3720 0.00000005
  1.3730 0.00000008
  1.3740 0.00000012
  1.3750 0.00000018
  1.3760 0.00000028
  1.3770 0.00000043
  1.3780 0.00000066
  1.3790 0.00000100
  1.3800 0.00000149
  1.3810 0.00000223
  1.3820 0.00000330
  1.3830 0.00000487
  1.3840 0.00000713
  1.3850 0.00001037
  1.3860 0.00001499
  1.3870 0.00002154
  1.3880 0.00003076
  1.3890 0.00004366
  1.3900 0.00006157
  1.3910 0.00008630
  1.3920 0.00012021
  1.3930 0.00016640
  1.3940 0.00022891
  1.3950 0.00031294
  1.3960 0.00042517
  1.3970 0.00057406
  1.3980 0.00077028
  1.3990 0.00102715
  1.4000 0.00136118
  1.4010 0.00179263
  1.4020 0.00234617
  1.4030 0.00305157
  1.4040 0.00394441
  1.4050 0.00506682
  1.4060 0.00646820
  1.4070 0.00820590
  1.4080 0.01034579
  1.4090 0.01296271
  1.4100 0.01614071
  1.4110 0.01997305
  1.4120 0.02456182
  1.4130 0.03001729
  1.4140 0.03645669
  1.4150 0.04400252
  1.4160 0.05278038
  1.4170 0.06291617
  1.4180 0.07453267
  1.4190 0.08774568
  1.4200 0.10265960
  1.4210 0.11936253
  1.4220 0.13792125
  1.4230 0.15837589
  1.4240 0.18073473
  1.4250 0.20496932
  1.4260 0.23101000
  1.4270 0.25874228
  1.4280 0.28800414
  1.4290 0.31858456
  1.4300 0.35022362
  1.4310 0.38261396
  1.4320 0.41540421
  1.4330 0.44820393
  1.4340 0.48059044
  1.4350 0.51211710
  1.4360 0.54232312
  1.4370 0.57074440
  1.4380 0.59692515
  1.4390 0.62043001
  1.4400 0.64085592
  1.4410 0.65784367
  1.4420 0.67108834
  1.4430 0.68034840
  1.4440 0.68545309
  1.4450 0.68630759
  1.4460 0.68289598
  1.4470 0.67528173
  1.4480 0.66360574
  1.4490 0.64808200
  1.4500 0.62899106
  1.4510 0.60667163
  1.4520 0.58151053
  1.4530 0.55393164
  1.4540 0.52438402
  1.4550 0.49332988
  1.4560 0.46123270
  1.4570 0.42854599
  1.4580 0.39570313
  1.4590 0.36310834
  1.4600 0.33112933
  1.4610 0.30009155
  1.4620 0.27027419
  1.4630 0.24190791
  1.4640 0.21517423
  1.4650 0.19020641
  1.4660 0.16709164
  1.4670 0.14587436
  1.4680 0.12656043
  1.4690 0.10912181
  1.4700 0.09350179
  1.4710 0.07962014
  1.4720 0.06737839
  1.4730 0.05666476
  1.4740 0.04735874
  1.4750 0.03933525
  1.4760 0.03246822
  1.4770 0.02663358
  1.4780 0.02171178
  1.4790 0.01758960
  1.4800 0.01416157
  1.4810 0.01133082
  1.4820 0.00900961
  1.4830 0.00711943
  1.4840 0.00559087
  1.4850 0.00436323
  1.4860 0.00338401
  1.4870 0.00260825
  1.4880 0.00199785
  1.4890 0.00152079
  1.4900 0.00115046
  1.4910 0.00086491
  1.4920 0.00064619
  1.4930 0.00047978
  1.4940 0.00035402
  1.4950 0.00025960
  1.4960 0.00018918
  1.4970 0.00013701
  1.4980 0.00009860
  1.4990 0.00007053
  1.5000 0.00005013
  1.5010 0.00003541
  1.5020 0.00002486
  1.5030 0.00001734
  1.5040 0.00001202
  1.5050 0.00000828
  1.5060 0.00000567
  1.5070 0.00000386
  1.5080 0.00000261
  1.5090 0.00000175
  1.5100 0.00000117
  1.5110 0.00000078
  1.5120 0.00000051
  1.5130 0.00000034
  1.5140 0.00000022
  1.5150 0.00000014
  1.5160 0.00000009
  1.5170 0.00000006
  1.5180 0.00000004
  1.5190 0.00000002
  1.5200 0.00000001
  1.5210 0.00000001
  1.5220 0.00000001
  1.5230 0.00000000
  1.5240 0.00000000
  1.5250 0.00000000
  1.5260 0.00000000
  1.5270 0.00000000
  1.5280 0.00000000
  1.5290 0.00000000
  1.5300 0.00000000
  1.5310 0.00000000
  1.5320 0.00000000
  1.5330 0.00000000
  1.5340 0.00000000
  1.5350 0.00000000
  1.5360 0.00000000
  1.5370 0.00000000
  1.5380 0.00000000
  1.5390 0.00000000
  1.5400 0.00000000
  1.5410 0.00000000
  1.5420 0.00000000
  1.5430 0.00000000
  1.5440 0.00000000
  1.5450 0.00000000
  1.5460 0.00000000
  1.5470 0.00000000
  1.5480 0.00000000
  1.5490 0.00000000
  1.5500 0.00000000
  1.5510 0.00000000
  1.5520 0.00000000
  1.5530 0.00000000
  1.5540 0.00000000
  1.5550 0.00000000
  1.5560 0.00000000
  1.5570 0.00000000
  1.5580 0.00000000
  1.5590 0.00000000
  1.5600 0.00000000
  1.5610 0.00000000
  1.5620 0.00000000
  1.5630 0.00000000
  1.5640 0.00000000
  1.5650 0.00000000
  1.5660 0.00000000
  1.5670 0.00000000
  1.5680 0.00000000
  1.5690 0.00000000
  1.5700 0.00000000
  1.5710 0.00000000
  1.5720 0.00000000
  1.5730 0.00000000
  1.5740 0.00000000
  1.5750 0.00000000
  1.5760 0.00000000
  1.5770 0.00000000
  1.5780 0.00000000
  1.5790 0.00000000
  1.5800 0.00000000
  1.5810 0.00000000
  1.5820 0.00000000
  1.5830 0.00000000
  1.5840 0.00000000
  1.5850 0.00000000
  1.5860 0.00000000
  1.5870 0.00000000
  1.5880 0.00000000
  1.5890 0.00000000
  1.5900 0.00000000
  1.5910 0.00000000
  1.5920 0.00000000
  1.5930 0.00000000
  1.5940 0.00000000
  1.5950 0.00000000
  1.5960 0.00000000
  1.5970 0.00000000
  1.5980 0.00000000
  1.5990 0.00000000
  1.6000 0.00000000
  1.6010 0.00000000
  1.6020 0.00000000
  1.6030 0.00000000
  1.6040 0.00000000
  1.6050 0.00000000
  1.6060 0.00000000
  1.6070 0.00000000
  1.6080 0.00000000
  1.6090 0.00000000
  1.6100 0.00000000
  1.6110 0.00000000
  1.6120 0.00000000
  1.6130 0.00000000
  1.6140 0.00000000
  1.6150 0.00000000
  1.6160 0.00000000
  1.6170 0.00000000
  1.6180 0.00000000
  1.6190 0.00000000
  1.6200 0.00000000
  1.6210 0.00000000
  1.6220 0.00000000
  1.6230 0.00000000
  1.6240 0.00000000
  1.6250 0.00000000
  1.6260 0.00000000
  1.6270 0.00000000
  1.6280 0.00000000
  1.6290 0.00000000
  1.6300 0.00000000
  1.6310 0.00000000
  1.6320 0.00000000
  1.6330 0.00000000
  1.6340 0.00000000
  1.6350 0.00000000
  1.6360 0.00000000
  1.6370 0.00000000
  1.6380 0.00000000
  1.6390 0.00000000
  1.6400 0.00000000
  1.6410 0.00000000
  1.6420 0.00000000
  1.6430 0.00000000
  1.6440 0.00000000
  1.6450 0.00000000
  1.6460 0.00000000
  1.6470 0.00000000
  1.6480 0.00000000
  1.6490 0.00000000
  1.6500 0.00000000
  1.6510 0.00000000
  1.6520 0.00000000
  1.6530 0.00000000
  1.6540 0.00000000
  1.6550 0.00000000
  1.6560 0.00000000
  1.6570 0.00000000
  1.6580 0.00000000
  1.6590 0.00000000
  1.6600 0.00000000
  1.6610 0.00000000
  1.6620 0.00000000
  1.6630 0.00000000
  1.6640 0.00000000
  1.6650 0.00000000
  1.6660 0.00000000
  1.6670 0.00000000
  1.6680 0.00000000
  1.6690 0.00000000
  1.6700 0.00000000
  1.6710 0.00000000
  1.6720 0.00000000
  1.6730 0.00000000
  1.6740 0.00000000
  1.6750 0.00000000
  1.6760 0.00000000
  1.6770 0.00000000
  1.6780 0.00000000
  1.6790 0.00000000
  1.6800 0.00000000
  1.6810 0.00000000
  1.6820 0.00000000
  1.6830 0.00000000
  1.6840 0.00000000
  1.6850 0.00000000
  1.6860 0.00000000
  1.6870 0.00000000
  1.6880 0.00000000
  1.6890 0.00000000
  1.6900 0.00000000
  1.6910 0.00000000
  1.6920 0.00000000
  1.6930 0.00000000
  1.6940 0.00000000
  1.6950 0.00000000
  1.6960 0.00000000
  1.6970 0.00000000
  1.6980 0.00000000
  1.6990 0.00000000
  1.7000 0.00000000
  1.7010 0.00000000
  1.7020 0.00000000
  1.7030 0.00000000
  1.7040 0.00000000
  1.7050 0.00000000
  1.7060 0.00000000
  1.7070 0.00000000
  1.7080 0.00000000
  1.7090 0.00000000
  1.7100 0.00000000
  1.7110 0.00000000
  1.7120 0.00000000
  1.7130 0.00000000
  1.7140 0.00000000
  1.7150 0.00000000
  1.7160 0.00000000
  1.7170 0.00000000
  1.7180 0.00000000
  1.7190 0.00000000
  1.7200 0.00000000
  1.7210 0.00000000
  1.7220 0.00000000
  1.7230 0.00000000
  1.7240 0.00000000
  1.7250 0.00000000
  1.7260 0.00000000
  1.7270 0.00000000
  1.7280 0.00000000
  1.7290 0.00000000
  1.7300 0.00000000
  1.7310 0.00000000
  1.7320 0.00000000
  1.7330 0.00000000
  1.7340 0.00000000
  1.7350 0.00000000
  1.7360 0.00000000
  1.7370 0.00000000
  1.7380 0.00000000
  1.7390 0.00000000
  1.7400 0.00000000
  1.7410 0.00000000
  1.7420 0.00000000
  1.7430 0.00000000
  1.7440 0.00000000
  1.7450 0.00000000
  1.7460 0.00000000
  1.7470 0.00000000
  1.7480 0.00000000
  1.7490 0.00000000
  1.7500 0.00000000
  1.7510 0.00000000
  1.7520 0.00000000
  1.7530 0.00000000
  1.7540 0.00000000
  1.7550 0.00000000
  1.7560 0.00000000
  1.7570 0.00000000
  1.7580 0.00000000
  1.7590 0.00000000
  1.7600 0.00000000
  1.7610 0.00000000
  1.7620 0.00000000
  1.7630 0.00000000
  1.7640 0.00000000
  1.7650 0.00000000
  1.7660 0.00000000
  1.7670 0.00000000
  1.7680 0.00000000
  1.7690 0.00000000
  1.7700 0.00000000
  1.7710 0.00000000
  1.7720 0.00000000
  1.7730 0.00000000
  1.7740 0.00000000
  1.7750 0.00000000
  1.7760 0.00000000
  1.7770 0.00000000
  1.7780 0.00000000
  1.7790 0.00000000
  1.7800 0.00000000
  1.7810 0.00000000
  1.7820 0.00000000
  1.7830 0.00000000
  1.7840 0.00000000
  1.7850 0.00000000
  1.7860 0.00000000
  1.7870 0.00000000
  1.7880 0.00000000
  1.7890 0.00000000
  1.7900 0.00000000
  1.7910 0.00000000
  1.7920 0.00000000
  1.7930 0.00000000
  1.7940 0.00000000
  1.7950 0.00000000
  1.7960 0.00000000
  1.7970 0.00000000
  1.7980 0.00000000
  1.7990 0.00000000
  1.8000 0.00000000
  1.8010 0.00000000
  1.8020 0.00000000
  1.8030 0.00000000
  1.8040 0.00000000
  1.8050 0.00000000
  1.8060 0.00000000
  1.8070 0.00000000
  1.8080 0.00000000
  1.8090 0.00000000
  1.8100 0.00000000
  1.8110 0.00000000
  1.8120 0.00000000
  1.8130 0.00000000
  1.8140 0.00000000
  1.8150 0.00000000
  1.8160 0.00000000
  1.8170 0.00000000
  1.8180 0.00000000
  1.8190 0.00000000
  1.8200 0.00000000
  1.8210 0.00000000
  1.8220 0.00000000
  1.8230 0.00000000
  1.8240 0.00000000
  1.8250 0.00000000
  1.8260 0.00000000
  1.8270 0.00000000
  1.8280 0.00000000
  1.8290 0.00000000
  1.8300 0.00000000
  1.8310 0.00000000
  1.8320 0.00000000
  1.8330 0.00000000
  1.8340 0.00000000
  1.8350 0.00000000
  1.8360 0.00000000
  1.8370 0.00000000
  1.8380 0.00000000
  1.8390 0.00000000
  1.8400 0.00000000
  1.8410 0.00000000
  1.8420 0.00000000
  1.8430 0.00000000
  1.8440 0.00000000
  1.8450 0.00000000
  1.8460 0.00000000
  1.8470 0.00000000
  1.8480 0.00000000
  1.8490 0.00000000
  1.8500 0.00000000
  1.8510 0.00000000
  1.8520 0.00000000
  1.8530 0.00000000
  1.8540 0.00000000
  1.8550 0.00000000
  1.8560 0.00000000
  1.8570 0.00000000
  1.8580 0.00000000
  1.8590 0.00000000
  1.8600 0.00000000
  1.8610 0.00000000
  1.8620 0.00000000
  1.8630 0.00000000
  1.8640 0.00000000
  1.8650 0.00000000
  1.8660 0.00000000
  1.8670 0.00000000
  1.8680 0.00000000
  1.8690 0.00000000
  1.8700 0.00000000
  1.8710 0.00000000
  1.8720 0.00000000
  1.8730 0.00000000
  1.8740 0.00000000
  1.8750 0.00000000
  1.8760 0.00000000
  1.8770 0.00000000
  1.8780 0.00000000
  1.8790 0.00000000
  1.8800 0.00000000
  1.8810 0.00000000
  1.8820 0.00000000
  1.8830 0.00000000
  1.8840 0.00000000
  1.8850 0.00000000
  1.8860 0.00000000
  1.8870 0.00000000
  1.8880 0.00000000
  1.8890 0.00000000
  1.8900 0.00000000
  1.8910 0.00000000
  1.8920 0.00000000
  1.8930 0.00000000
  1.8940 0.00000000
  1.8950 0.00000000
  1.8960 0.00000000
  1.8970 0.00000000
  1.8980 0.00000000
  1.8990 0.00000000
  1.9000 0.00000000
  1.9010 0.00000000
  1.9020 0.00000000
  1.9030 0.00000000
  1.9040 0.00000000
  1.9050 0.00000000
  1.9060 0.00000000
  1.9070 0.00000000
  1.9080 0.00000000
  1.9090 0.00000000
  1.9100 0.00000000
  1.9110 0.00000000
  1.9120 0.00000000
  1.9130 0.00000000
  1.9140 0.00000000
  1.9150 0.00000000
  1.9160 0.00000000
  1.9170 0.00000000
  1.9180 0.00000000
  1.9190 0.00000000
  1.9200 0.00000000
  1.9210 0.00000000
  1.9220 0.00000000
  1.9230 0.00000000
  1.9240 0.00000000
  1.9250 0.00000000
  1.9260 0.00000000
  1.9270 0.00000000
  1.9280 0.00000000
  1.9290 0.00000000
  1.9300 0.00000000
  1.9310 0.00000000
  1.9320 0.00000000
  1.9330 0.00000000
  1.9340 0.00000001
  1.9350 0.00000001
  1.9360 0.00000002
  1.9370 0.00000002
  1.9380 0.00000004
  1.9390 0.00000006
  1.9400 0.00000008
  1.9410 0.00000013
  1.9420 0.00000019
  1.9430 0.00000028
  1.9440 0.00000041
  1.9450 0.00000060
  1.9460 0.00000088
  1.9470 0.00000127
  1.9480 0.00000182
  1.9490 0.00000260
  1.9500 0.00000368
  1.9510 0.00000518
  1.9520 0.00000726
  1.9530 0.00001010
  1.9540 0.00001396
  1.9550 0.00001918
  1.9560 0.00002618
  1.9570 0.00003553
  1.9580 0.00004791
  1.9590 0.00006421
  1.9600 0.00008552
  1.9610 0.00011319
  1.9620 0.00014888
  1.9630 0.00019461
  1.9640 0.00025280
  1.9650 0.00032636
  1.9660 0.00041871
  1.9670 0.00053385
  1.9680 0.00067643
  1.9690 0.00085176
  1.9700 0.00106589
  1.9710 0.00132555
  1.9720 0.00163824
  1.9730 0.00201211
  1.9740 0.00245597
  1.9750 0.00297911
  1.9760 0.00359125
  1.9770 0.00430229
  1.9780 0.00512211
  1.9790 0.00606027
  1.9800 0.00712574
  1.9810 0.00832651
  1.9820 0.00966919
  1.9830 0.01115867
  1.9840 0.01279762
  1.9850 0.01458615
  1.9860 0.01652140
  1.9870 0.01859721
  1.9880 0.02080383
  1.9890 0.02312776
  1.9900 0.02555162
  1.9910 0.02805422
  1.9920 0.03061064
  1.9930 0.03319262
  1.9940 0.03576887
  1.9950 0.03830572
  1.9960 0.04076774
  1.9970 0.04311858
  1.9980 0.04532178
  1.9990 0.04734173
  2.0000 0.04914462
  2.0010 0.05069936
  2.0020 0.05197850
  2.0030 0.05295899
  2.0040 0.05362290
  2.0050 0.05395797
  2.0060 0.05395797
  2.0070 0.05362290
  2.0080 0.05295899
  2.0090 0.05197850
  2.0100 0.05069936
  2.0110 0.04914462
  2.0120 0.04734173
  2.0130 0.04532178
  2.0140 0.04311858
  2.0150 0.04076774
  2.0160 0.03830572
  2.0170 0.03576887
  2.0180 0.03319262
  2.0190 0.03061064
  2.0200 0.02805422
  2.0210 0.02555162
  2.0220 0.02312776
  2.0230 0.02080383
  2.0240 0.01859721
  2.0250 0.01652140
  2.0260 0.01458615
  2.0270 0.01279762
  2.0280 0.01115867
  2.0290 0.00966919
  2.0300 0.00832651
  2.0310 0.00712574
  2.0320 0.00606027
  2.0330 0.00512211
  2.0340 0.00430229
  2.0350 0.00359125
  2.0360 0.00297911
  2.0370 0.00245597
  2.0380 0.00201211
  2.0390 0.00163824
  2.0400 0.00132555
  2.0410 0.00106589
  2.0420 0.00085176
  2.0430 0.00067643
  2.0440 0.00053385
  2.0450 0.00041871
  2.0460 0.00032636
  2.0470 0.00025280
  2.0480 0.00019461
  2.0490 0.00014888
  2.0500 0.00011319
  2.0510 0.00008552
  2.0520 0.00006421
  2.0530 0.00004791
  2.0540 0.00003553
  2.0550 0.00002618
  2.0560 0.00001918
  2.0570 0.00001396
  2.0580 0.00001010
  2.0590 0.00000726
  2.0600 0.00000518
  2.0610 0.00000368
  2.0620 0.00000260
  2.0630 0.00000182
  2.0640 0.00000127
  2.0650 0.00000088
  2.0660 0.00000060
  2.0670 0.00000041
  2.0680 0.00000028
  2.0690 0.00000019
  2.0700 0.00000013
  2.0710 0.00000008
  2.0720 0.00000006
  2.0730 0.00000004
  2.0740 0.00000002
  2.0750 0.00000002
  2.0760 0.00000001
  2.0770 0.00000001
  2.0780 0.00000000
  2.0790 0.00000000
  2.0800 0.00000000
  2.0810 0.00000000
  2.0820 0.00000000
  2.0830 0.00000000
  2.0840 0.00000000
  2.0850 0.00000000
  2.0860 0.00000000
  2.0870 0.00000000
  2.0880 0.00000000
  2.0890 0.00000000
  2.0900 0.00000000
  2.0910 0.00000000
  2.0920 0.00000000
  2.0930 0.00000000
  2.0940 0.00000000
  2.0950 0.00000000
  2.0960 0.00000000
  2.0970 0.00000000
  2.0980 0.00000000
  2.0990 0.00000000
  2.1000 0.00000000
  2.1010 0.00000000
  2.1020 0.00000000
  2.1030 0.00000000
  2.1040 0.00000000
  2.1050 0.00000000
  2.1060 0.00000000
  2.1070 0.00000000
  2.1080 0.00000000
  2.1090 0.00000000
  2.1100 0.00000000
  2.1110 0.00000000
  2.1120 0.00000000
  2.1130 0.00000000
  2.1140 0.00000000
  2.1150 0.00000000
  2.1160 0.00000000
  2.1170 0.00000000
  2.1180 0.00000000
  2.1190 0.00000000
  2.1200 0.00000000
  2.1210 0.00000000
  2.1220 0.00000000
  2.1230 0.00000000
  2.1240 0.00000000
  2.1250 0.00000000
  2.1260 0.00000000
  2.1270 0.00000000
  2.1280 0.00000000
  2.1290 0.00000000
  2.1300 0.00000000
  2.1310 0.00000000
  2.1320 0.00000000
  2.1330 0.00000000
  2.1340 0.00000000
  2.1350 0.00000000
  2.1360 0.00000000
  2.1370 0.00000000
  2.1380 0.00000000
  2.1390 0.00000000
  2.1400 0.00000000
  2.1410 0.00000000
  2.1420 0.00000000
  2.1430 0.00000000
  2.1440 0.00000000
  2.1450 0.00000000
  2.1460 0.00000000
  2.1470 0.00000000
  2.1480 0.00000000
  2.1490 0.00000000
  2.1500 0.00000000
  2.1510 0.00000000
  2.1520 0.00000000
  2.1530 0.00000000
  2.1540 0.00000000
  2.1550 0.00000000
  2.1560 0.00000000
  2.1570 0.00000000
  2.1580 0.00000000
  2.1590 0.00000000
  2.1600 0.00000000
  2.1610 0.00000000
  2.1620 0.00000000
  2.1630 0.00000000
  2.1640 0.00000000
  2.1650 0.00000000
  2.1660 0.00000000
  2.1670 0.00000000
  2.1680 0.00000000
  2.1690 0.00000000
  2.1700 0.00000000
  2.1710 0.00000000
  2.1720 0.00000000
  2.1730 0.00000000
  2.1740 0.00000000
  2.1750 0.00000000
  2.1760 0.00000000
  2.1770 0.00000000
  2.1780 0.00000000
  2.1790 0.00000000
  2.1800 0.00000000
  2.1810 0.00000000
  2.1820 0.00000000
  2.1830 0.00000000
  2.1840 0.00000000
  2.1850 0.00000000
  2.1860 0.00000000
  2.1870 0.00000000
  2.1880 0.00000000
  2.1890 0.00000000
  2.1900 0.00000000
  2.1910 0.00000000
  2.1920 0.00000000
  2.1930 0.00000000
  2.1940 0.00000000
  2.1950 0.00000000
  2.1960 0.00000000
  2.1970 0.00000000
  2.1980 0.00000000
  2.1990 0.00000000
  2.2000 0.00000000
  2.2010 0.00000000
  2.2020 0.00000000
  2.2030 0.00000000
  2.2040 0.00000000
  2.2050 0.00000000
  2.2060 0.00000000
  2.2070 0.00000000
  2.2080 0.00000000
  2.2090 0.00000000
  2.2100 0.00000000
  2.2110 0.00000000
  2.2120 0.00000000
  2.2130 0.00000000
  2.2140 0.00000000
  2.2150 0.00000000
  2.2160 0.00000000
  2.2170 0.00000000
  2.2180 0.00000000
  2.2190 0.00000000
  2.2200 0.00000000
  2.2210 0.00000000
  2.2220 0.00000000
  2.2230 0.00000000
  2.2240 0.00000000
  2.2250 0.00000000
  2.2260 0.00000000
  2.2270 0.00000000
  2.2280 0.00000000
  2.2290 0.00000000
  2.2300 0.00000000
  2.2310 0.00000000
  2.2320 0.00000000
  2.2330 0.00000000
  2.2340 0.00000000
  2.2350 0.00000000
  2.2360 0.00000000
  2.2370 0.00000000
  2.2380 0.00000000
  2.2390 0.00000000
  2.2400 0.00000000
  2.2410 0.00000000
  2.2420 0.00000000
  2.2430 0.00000000
  2.2440 0.00000000
  2.2450 0.00000000
  2.2460 0.00000000
  2.2470 0.00000000
  2.2480 0.00000000
  2.2490 0.00000000
  2.2500 0.00000000
  2.2510 0.00000000
  2.2520 0.00000000
  2.2530 0.00000000
  2.2540 0.00000000
  2.2550 0.00000000
  2.2560 0.00000000
  2.2570 0.00000000
  2.2580 0.00000000
  2.2590 0.00000000
  2.2600 0.00000000
  2.2610 0.00000000
  2.2620 0.00000000
  2.2630 0.00000000
  2.2640 0.00000000
  2.2650 0.00000000
  2.2660 0.00000000
  2.2670 0.00000000
  2.2680 0.00000000
  2.2690 0.00000000
  2.2700 0.00000000
  2.2710 0.00000000
  2.2720 0.00000000
  2.2730 0.00000000
  2.2740 0.00000000
  2.2750 0.00000000
  2.2760 0.00000000
  2.2770 0.00000000
  2.2780 0.00000000
  2.2790 0.00000000
  2.2800 0.00000000
  2.2810 0.00000000
  2.2820 0.00000000
  2.2830 0.00000000
  2.2840 0.00000000
  2.2850 0.00000000
  2.2860 0.00000000
  2.2870 0.00000000
  2.2880 0.00000000
  2.2890 0.00000000
  2.2900 0.00000000
  2.2910 0.00000000
  2.2920 0.00000000
  2.2930 0.00000000
  2.2940 0.00000000
  2.2950 0.00000000
  2.2960 0.00000000
  2.2970 0.00000000
  2.2980 0.00000000
  2.2990 0.00000000
  2.3000 0.00000000
  2.3010 0.00000000
  2.3020 0.00000000
  2.3030 0.00000000
  2.3040 0.00000000
  2.3050 0.00000000
  2.3060 0.00000000
  2.3070 0.00000000
  2.3080 0.00000000
  2.3090 0.00000000
  2.3100 0.00000000
  2.3110 0.00000000
  2.3120 0.00000000
  2.3130 0.00000000
  2.3140 0.00000000
  2.3150 0.00000000
  2.3160 0.00000000
  2.3170 0.00000000
  2.3180 0.00000000
  2.3190 0.00000000
  2.3200 0.00000000
  2.3210 0.00000000
  2.3220 0.00000000
  2.3230 0.00000000
  2.3240 0.00000000
  2.3250 0.00000000
  2.3260 0.00000000
  2.3270 0.00000000
  2.3280 0.00000000
  2.3290 0.00000000
  2.3300 0.00000000
  2.3310 0.00000000
  2.3320 0.00000000
  2.3330 0.00000000
  2.3340 0.00000000
  2.3350 0.00000000
  2.3360 0.00000000
  2.3370 0.00000000
  2.3380 0.00000000
  2.3390 0.00000000
  2.3400 0.00000000
  2.3410 0.00000000
  2.3420 0.00000000
  2.3430 0.00000000
  2.3440 0.00000000
  2.3450 0.00000000
  2.3460 0.00000000
  2.3470 0.00000000
  2.3480 0.00000000
  2.3490 0.00000000
  2.3500 0.00000000
  2.3510 0.00000000
  2.3520 0.00000000
  2.3530 0.00000000
  2.3540 0.00000000
  2.3550 0.00000000
  2.3560 0.00000000
  2.3570 0.00000000
  2.3580 0.00000000
  2.3590 0.00000000
  2.3600 0.00000000
  2.3610 0.00000000
  2.3620 0.00000000
  2.3630 0.00000000
  2.3640 0.00000000
  2.3650 0.00000000
  2.3660 0.00000000
  2.3670 0.00000000
  2.3680 0.00000000
  2.3690 0.00000000
  2.3700 0.00000000
  2.3710 0.00000000
  2.3720 0.00000000
  2.3730 0.00000000
  2.3740 0.00000000
  2.3750 0.00000000
  2.3760 0.00000000
  2.3770 0.00000000
  2.3780 0.00000000
  2.3790 0.00000000
  2.3800 0.00000000
  2.3810 0.00000000
  2.3820 0.00000000
  2.3830 0.00000000
  2.3840 0.00000000
  2.3850 0.00000000
  2.3860 0.00000000
  2.3870 0.00000000
  2.3880 0.00000000
  2.3890 0.00000000
  2.3900 0.00000000
  2.3910 0.00000000
  2.3920 0.00000000
  2.3930 0.00000000
  2.3940 0.00000000
  2.3950 0.00000000
  2.3960 0.00000000
  2.3970 0.00000000
  2.3980 0.00000000
  2.3990 0.00000000
  2.4000 0.00000000
  2.4010 0.00000000
  2.4020 0.00000000
  2.4030 0.00000000
  2.4040 0.00000000
  2.4050 0.00000000
  2.4060 0.00000000
  2.4070 0.00000000
  2.4080 0.00000000
  2.4090 0.00000000
  2.4100 0.00000000
  2.4110 0.00000000
  2.4120 0.00000000
  2.4130 0.00000000
  2.4140 0.00000000
  2.4150 0.00000000
  2.4160 0.00000000
  2.4170 0.00000000
  2.4180 0.00000000
  2.4190 0.00000000
  2.4200 0.00000000
  2.4210 0.00000000
  2.4220 0.00000000
  2.4230 0.00000000
  2.4240 0.00000000
  2.4250 0.00000000
  2.4260 0.00000000
  2.4270 0.00000000
  2.4280 0.00000000
  2.4290 0.00000000
  2.4300 0.00000000
  2.4310 0.00000000
  2.4320 0.00000000
  2.4330 0.00000000
  2.4340 0.00000000
  2.4350 0.00000000
  2.4360 0.00000000
  2.4370 0.00000000
  2.4380 0.00000000
  2.4390 0.00000000
  2.4400 0.00000000
  2.4410 0.00000000
  2.4420 0.00000000
  2.4430 0.00000000
  2.4440 0.00000000
  2.4450 0.00000000
  2.4460 0.00000000
  2.4470 0.00000000
  2.4480 0.00000000
  2.4490 0.00000000
  2.4500 0.00000000
  2.4510 0.00000000
  2.4520 0.00000000
  2.4530 0.00000000
  2.4540 0.00000000
  2.4550 0.00000000
  2.4560 0.00000000
  2.4570 0.00000000
  2.4580 0.00000000
  2.4590 0.00000000
  2.4600 0.00000000
  2.4610 0.00000000
  2.4620 0.00000000
  2.4630 0.00000000
  2.4640 0.00000000
  2.4650 0.00000000
  2.4660 0.00000000
  2.4670 0.00000000
  2.4680 0.00000000
  2.4690 0.00000000
  2.4700 0.00000000
  2.4710 0.00000000
  2.4720 0.00000000
  2.4730 0.00000000
  2.4740 0.00000000
  2.4750 0.00000000
  2.4760 0.00000000
  2.4770 0.00000000
  2.4780 0.00000000
  2.4790 0.00000000
  2.4800 0.00000000
  2.4810 0.00000000
  2.4820 0.00000000
  2.4830 0.00000000
  2.4840 0.00000000
  2.4850 0.00000000
  2.4860 0.00000000
  2.4870 0.00000000
  2.4880 0.00000000
  2.4890 0.00000000
  2.4900 0.00000000
  2.4910 0.00000000
  2.4920 0.00000000
  2.4930 0.00000000
  2.4940 0.00000000
  2.4950 0.00000000
  2.4960 0.00000000
  2.4970 0.00000000
  2.4980 0.00000000
  2.4990 0.00000000
  2.5000 0.00000000
  2.5010 0.00000000
  2.5020 0.00000000
  2.5030 0.00000000
  2.5040 0.00000000
  2.5050 0.00000000
  2.5060 0.00000000
  2.5070 0.00000000
  2.5080 0.00000000
  2.5090 0.00000000
  2.5100 0.00000000
  2.5110 0.00000000
  2.5120 0.00000000
  2.5130 0.00000000
  2.5140 0.00000000
  2.5150 0.00000000
  2.5160 0.00000000
  2.5170 0.00000000
  2.5180 0.00000000
  2.5190 0.00000000
  2.5200 0.00000000
  2.5210 0.00000000
  2.5220 0.00000000
  2.5230 0.00000000
  2.5240 0.00000000
  2.5250 0.00000000
  2.5260 0.00000000
  2.5270 0.00000000
  2.5280 0.00000000
  2.5290 0.00000000
  2.5300 0.00000000
  2.5310 0.00000000
  2.5320 0.00000000
  2.5330 0.00000000
  2.5340 0.00000000
  2.5350 0.00000000
  2.5360 0.00000000
  2.5370 0.00000000
  2.5380 0.00000000
  2.5390 0.00000000
  2.5400 0.00000000
  2.5410 0.00000000
  2.5420 0.00000000
  2.5430 0.00000000
  2.5440 0.00000000
  2.5450 0.00000000
  2.5460 0.00000000
  2.5470 0.00000000
  2.5480 0.00000000
  2.5490 0.00000000
  2.5500 0.00000000
  2.5510 0.00000000
  2.5520 0.00000000
  2.5530 0.00000000
  2.5540 0.00000000
  2.5550 0.00000000
  2.5560 0.00000000
  2.5570 0.00000000
  2.5580 0.00000000
  2.5590 0.00000000
  2.5600 0.00000000
  2.5610 0.00000001
  2.5620 0.00000001
  2.5630 0.00000002
  2.5640 0.00000003
  2.5650 0.00000005
  2.5660 0.00000007
  2.5670 0.00000011
  2.5680 0.00000017
  2.5690 0.00000027
  2.5700 0.00000041
  2.5710 0.00000063
  2.5720 0.00000095
  2.5730 0.00000143
  2.5740 0.00000214
  2.5750 0.00000318
  2.5760 0.00000470
  2.5770 0.00000691
  2.5780 0.00001008
  2.5790 0.00001462
  2.5800 0.00002107
  2.5810 0.00003019
  2.5820 0.00004298
  2.5830 0.00006080
  2.5840 0.00008549
  2.5850 0.00011945
  2.5860 0.00016587
  2.5870 0.00022889
  2.5880 0.00031389
  2.5890 0.00042780
  2.5900 0.00057941
  2.5910 0.00077988
  2.5920 0.00104320
  2.5930 0.00138675
  2.5940 0.00183200
  2.5950 0.00240518
  2.5960 0.00313809
  2.5970 0.00406889
  2.5980 0.00524303
  2.5990 0.00671403
  2.6000 0.00854434
  2.6010 0.01080609
  2.6020 0.01358168
  2.6030 0.01696418
  2.6040 0.02105752
  2.6050 0.02597623
  2.6060 0.03184489
  2.6070 0.03879699
  2.6080 0.04697329
  2.6090 0.05651955
  2.6100 0.06758356
  2.6110 0.08031157
  2.6120 0.09484400
  2.6130 0.11131055
  2.6140 0.12982474
  2.6150 0.15047809
  2.6160 0.17333401
  2.6170 0.19842163
  2.6180 0.22572980
  2.6190 0.25520166
  2.6200 0.28672976
  2.6210 0.32015238
  2.6220 0.35525107
  2.6230 0.39174977
  2.6240 0.42931572
  2.6250 0.46756234
  2.6260 0.50605410
  2.6270 0.54431345
  2.6280 0.58182968
  2.6290 0.61806958
  2.6300 0.65248955
  2.6310 0.68454884
  2.6320 0.71372352
  2.6330 0.73952059
  2.6340 0.76149179
  2.6350 0.77924651
  2.6360 0.79246338
  2.6370 0.80089988
  2.6380 0.80439978
  2.6390 0.80289795
  2.6400 0.79642237
  2.6410 0.78509324
  2.6420 0.76911931
  2.6430 0.74879147
  2.6440 0.72447391
  2.6450 0.69659332
  2.6460 0.66562641
  2.6470 0.63208645
  2.6480 0.59650915
  2.6490 0.55943860
  2.6500 0.52141369
  2.6510 0.48295552
  2.6520 0.44455605
  2.6530 0.40666856
  2.6540 0.36969994
  2.6550 0.33400490
  2.6560 0.29988241
  2.6570 0.26757395
  2.6580 0.23726374
  2.6590 0.20908053
  2.6600 0.18310092
  2.6610 0.15935369
  2.6620 0.13782513
  2.6630 0.11846482
  2.6640 0.10119175
  2.6650 0.08590046
  2.6660 0.07246704
  2.6670 0.06075476
  2.6680 0.05061914
  2.6690 0.04191253
  2.6700 0.03448797
  2.6710 0.02820241
  2.6720 0.02291920
  2.6730 0.01851004
  2.6740 0.01485627
  2.6750 0.01184970
  2.6760 0.00939289
  2.6770 0.00739922
  2.6780 0.00579252
  2.6790 0.00450654
  2.6800 0.00348429
  2.6810 0.00267719
  2.6820 0.00204428
  2.6830 0.00155129
  2.6840 0.00116989
  2.6850 0.00087677
  2.6860 0.00065302
  2.6870 0.00048335
  2.6880 0.00035554
  2.6890 0.00025990
  2.6900 0.00018881
  2.6910 0.00013631
  2.6920 0.00009780
  2.6930 0.00006973
  2.6940 0.00004941
  2.6950 0.00003480
  2.6960 0.00002435
  2.6970 0.00001694
  2.6980 0.00001171
  2.6990 0.00000804
  2.7000 0.00000549
  2.7010 0.00000372
  2.7020 0.00000251
  2.7030 0.00000168
  2.7040 0.00000112
  2.7050 0.00000074
  2.7060 0.00000049
  2.7070 0.00000032
  2.7080 0.00000021
  2.7090 0.00000013
  2.7100 0.00000009
  2.7110 0.00000005
  2.7120 0.00000003
  2.7130 0.00000002
  2.7140 0.00000001
  2.7150 0.00000001
  2.7160 0.00000001
  2.7170 0.00000000
  2.7180 0.00000000
  2.7190 0.00000000
  2.7200 0.00000000
  2.7210 0.00000000
  2.7220 0.00000000
  2.7230 0.00000000
  2.7240 0.00000000
  2.7250 0.00000000
  2.7260 0.00000000
  2.7270 0.00000000
  2.7280 0.00000000
  2.7290 0.00000000
  2.7300 0.00000000
  2.7310 0.00000000
  2.7320 0.00000000
  2.7330 0.00000000
  2.7340 0.00000000
  2.7350 0.00000000
  2.7360 0.00000000
  2.7370 0.00000000
  2.7380 0.00000000
  2.7390 0.00000000
  2.7400 0.00000000
  2.7410 0.00000000
  2.7420 0.00000000
  2.7430 0.00000000
  2.7440 0.00000000
  2.7450 0.00000000
  2.7460 0.00000000
  2.7470 0.00000000
  2.7480 0.00000000
  2.7490 0.00000000
  2.7500 0.00000000
  2.7510 0.00000000
  2.7520 0.00000000
  2.7530 0.00000000
  2.7540 0.00000000
  2.7550 0.00000000
  2.7560 0.00000000
  2.7570 0.00000000
  2.7580 0.00000000
  2.7590 0.00000000
  2.7600 0.00000000
  2.7610 0.00000000
  2.7620 0.00000000
  2.7630 0.00000000
  2.7640 0.00000000
  2.7650 0.00000000
  2.7660 0.00000000
  2.7670 0.00000000
  2.7680 0.00000000
  2.7690 0.00000000
  2.7700 0.00000000
  2.7710 0.00000000
  2.7720 0.00000000
  2.7730 0.00000000
  2.7740 0.00000000
  2.7750 0.00000000
  2.7760 0.00000000
  2.7770 0.00000000
  2.7780 0.00000000
  2.7790 0.00000000
  2.7800 0.00000000
  2.7810 0.00000000
  2.7820 0.00000000
  2.7830 0.00000000
  2.7840 0.00000000
  2.7850 0.00000000
  2.7860 0.00000000
  2.7870 0.00000000
  2.7880 0.00000000
  2.7890 0.00000000
  2.7900 0.00000000
  2.7910 0.00000000
  2.7920 0.00000000
  2.7930 0.00000000
  2.7940 0.00000000
  2.7950 0.00000000
  2.7960 0.00000000
  2.7970 0.00000000
  2.7980 0.00000000
  2.7990 0.00000000
  2.8000 0.00000000
  2.8010 0.00000000
  2.8020 0.00000000
  2.8030 0.00000000
  2.8040 0.00000000
  2.8050 0.00000000
  2.8060 0.00000000
  2.8070 0.00000000
  2.8080 0.00000000
  2.8090 0.00000000
  2.8100 0.00000000
  2.8110 0.00000000
  2.8120 0.00000000
  2.8130 0.00000000
  2.8140 0.00000000
  2.8150 0.00000000
  2.8160 0.00000000
  2.8170 0.00000000
  2.8180 0.00000000
  2.8190 0.00000000
  2.8200 0.00000000
  2.8210 0.00000000
  2.8220 0.00000000
  2.8230 0.00000000
  2.8240 0.00000000
  2.8250 0.00000000
  2.8260 0.00000000
  2.8270 0.00000000
  2.8280 0.00000000
  2.8290 0.00000000
  2.8300 0.00000000
  2.8310 0.00000000
  2.8320 0.00000000
  2.8330 0.00000000
  2.8340 0.00000000
  2.8350 0.00000000
  2.8360 0.00000000
  2.8370 0.00000000
  2.8380 0.00000000
  2.8390 0.00000000
  2.8400 0.00000000
  2.8410 0.00000000
  2.8420 0.00000000
  2.8430 0.00000001
  2.8440 0.00000001
  2.8450 0.00000002
  2.8460 0.00000003
  2.8470 0.00000004
  2.8480 0.00000006
  2.8490 0.00000009
  2.8500 0.00000014
  2.8510 0.00000021
  2.8520 0.00000031
  2.8530 0.00000046
  2.8540 0.00000068
  2.8550 0.00000100
  2.8560 0.00000146
  2.8570 0.00000211
  2.8580 0.00000304
  2.8590 0.00000435
  2.8600 0.00000619
  2.8610 0.00000875
  2.8620 0.00001230
  2.8630 0.00001717
  2.8640 0.00002383
  2.8650 0.00003287
  2.8660 0.00004505
  2.8670 0.00006135
  2.8680 0.00008305
  2.8690 0.00011171
  2.8700 0.00014933
  2.8710 0.00019839
  2.8720 0.00026192
  2.8730 0.00034366
  2.8740 0.00044810
  2.8750 0.00058065
  2.8760 0.00074774
  2.8770 0.00095693
  2.8780 0.00121704
  2.8790 0.00153824
  2.8800 0.00193213
  2.8810 0.00241183
  2.8820 0.00299192
  2.8830 0.00368849
  2.8840 0.00451899
  2.8850 0.00550211
  2.8860 0.00665751
  2.8870 0.00800550
  2.8880 0.00956666
  2.8890 0.01136128
  2.8900 0.01340875
  2.8910 0.01572694
  2.8920 0.01833137
  2.8930 0.02123441
  2.8940 0.02444444
  2.8950 0.02796500
  2.8960 0.03179392
  2.8970 0.03592264
  2.8980 0.04033545
  2.8990 0.04500911
  2.9000 0.04991241
  2.9010 0.05500616
  2.9020 0.06024331
  2.9030 0.06556938
  2.9040 0.07092314
  2.9050 0.07623765
  2.9060 0.08144151
  2.9070 0.08646031
  2.9080 0.09121839
  2.9090 0.09564071
  2.9100 0.09965471
  2.9110 0.10319236
  2.9120 0.10619204
  2.9130 0.10860031
  2.9140 0.11037352
  2.9150 0.11147908
  2.9160 0.11189651
  2.9170 0.11161805
  2.9180 0.11064888
  2.9190 0.10900697
  2.9200 0.10672255
  2.9210 0.10383717
  2.9220 0.10040242
  2.9230 0.09647842
  2.9240 0.09213209
  2.9250 0.08743520
  2.9260 0.08246248
  2.9270 0.07728963
  2.9280 0.07199141
  2.9290 0.06663998
  2.9300 0.06130328
  2.9310 0.05604376
  2.9320 0.05091732
  2.9330 0.04597253
  2.9340 0.04125020
  2.9350 0.03678310
  2.9360 0.03259608
  2.9370 0.02870629
  2.9380 0.02512369
  2.9390 0.02185166
  2.9400 0.01888775
  2.9410 0.01622448
  2.9420 0.01385020
  2.9430 0.01174994
  2.9440 0.00990627
  2.9450 0.00830003
  2.9460 0.00691104
  2.9470 0.00571876
  2.9480 0.00470279
  2.9490 0.00384329
  2.9500 0.00312138
  2.9510 0.00251932
  2.9520 0.00202076
  2.9530 0.00161080
  2.9540 0.00127604
  2.9550 0.00100457
  2.9560 0.00078594
  2.9570 0.00061108
  2.9580 0.00047217
  2.9590 0.00036257
  2.9600 0.00027668
  2.9610 0.00020983
  2.9620 0.00015814
  2.9630 0.00011845
  2.9640 0.00008816
  2.9650 0.00006522
  2.9660 0.00004794
  2.9670 0.00003502
  2.9680 0.00002543
  2.9690 0.00001835
  2.9700 0.00001315
  2.9710 0.00000937
  2.9720 0.00000664
  2.9730 0.00000467
  2.9740 0.00000327
  2.9750 0.00000227
  2.9760 0.00000157
  2.9770 0.00000108
  2.9780 0.00000073
  2.9790 0.00000050
  2.9800 0.00000034
  2.9810 0.00000022
  2.9820 0.00000015
  2.9830 0.00000010
  2.9840 0.00000006
  2.9850 0.00000004
  2.9860 0.00000003
  2.9870 0.00000002
  2.9880 0.00000001
  2.9890 0.00000001
  2.9900 0.00000000
  2.9910 0.00000000
  2.9920 0.00000000
  2.9930 0.00000000
  2.9940 0.00000000
  2.9950 0.00000000
  2.9960 0.00000000
  2.9970 0.00000000
  2.9980 0.00000000
  2.9990 0.00000000
  3.0000 0.00000000
  3.0010 0.00000000
  3.0020 0.00000000
  3.0030 0.00000000
  3.0040 0.00000000
  3.0050 0.00000000
  3.0060 0.00000000
  3.0070 0.00000000
  3.0080 0.00000000
  3.0090 0.00000000
  3.0100 0.00000000
  3.0110 0.00000000
  3.0120 0.00000000
  3.0130 0.00000000
  3.0140 0.00000000
  3.0150 0.00000000
  3.0160 0.00000000
  3.0170 0.00000000
  3.0180 0.00000000
  3.0190 0.00000000
  3.0200 0.00000000
  3.0210 0.00000000
  3.0220 0.00000000
  3.0230 0.00000000
  3.0240 0.00000000
  3.0250 0.00000000
  3.0260 0.00000000
  3.0270 0.00000000
  3.0280 0.00000000
  3.0290 0.00000000
  3.0300 0.00000000
  3.0310 0.00000000
  3.0320 0.00000000
  3.0330 0.00000000
  3.0340 0.00000000
  3.0350 0.00000000
  3.0360 0.00000000
  3.0370 0.00000000
  3.0380 0.00000000
  3.0390 0.00000000
  3.0400 0.00000000
  3.0410 0.00000000
  3.0420 0.00000000
  3.0430 0.00000000
  3.0440 0.00000000
  3.0450 0.00000000
  3.0460 0.00000000
  3.0470 0.00000000
  3.0480 0.00000000
  3.0490 0.00000000
  3.0500 0.00000000
  3.0510 0.00000000
  3.0520 0.00000000
  3.0530 0.00000000
  3.0540 0.00000000
  3.0550 0.00000000
  3.0560 0.00000000
  3.0570 0.00000000
  3.0580 0.00000000
  3.0590 0.00000000
  3.0600 0.00000000
  3.0610 0.00000000
  3.0620 0.00000000
  3.0630 0.00000000
  3.0640 0.00000000
  3.0650 0.00000000
  3.0660 0.00000000
  3.0670 0.00000000
  3.0680 0.00000000
  3.0690 0.00000000
  3.0700 0.00000000
  3.0710 0.00000000
  3.0720 0.00000000
  3.0730 0.00000000
  3.0740 0.00000000
  3.0750 0.00000000
  3.0760 0.00000000
  3.0770 0.00000001
  3.0780 0.00000001
  3.0790 0.00000002
  3.0800 0.00000003
  3.0810 0.00000004
  3.0820 0.00000007
  3.0830 0.00000011
  3.0840 0.00000017
  3.0850 0.00000025
  3.0860 0.00000039
  3.0870 0.00000059
  3.0880 0.00000088
  3.0890 0.00000132
  3.0900 0.00000197
  3.0910 0.00000291
  3.0920 0.00000428
  3.0930 0.00000625
  3.0940 0.00000907
  3.0950 0.00001308
  3.0960 0.00001874
  3.0970 0.00002670
  3.0980 0.00003780
  3.0990 0.00005317
  3.1000 0.00007434
  3.1010 0.00010330
  3.1020 0.00014264
  3.1030 0.00019573
  3.1040 0.00026692
  3.1050 0.00036174
  3.1060 0.00048721
  3.1070 0.00065211
  3.1080 0.00086741
  3.1090 0.00114663
  3.1100 0.00150632
  3.1110 0.00196654
  3.1120 0.00255144
  3.1130 0.00328974
  3.1140 0.00421534
  3.1150 0.00536783
  3.1160 0.00679297
  3.1170 0.00854309
  3.1180 0.01067739
  3.1190 0.01326202
  3.1200 0.01637002
  3.1210 0.02008091
  3.1220 0.02448004
  3.1230 0.02965758
  3.1240 0.03570704
  3.1250 0.04272350
  3.1260 0.05080125
  3.1270 0.06003115
  3.1280 0.07049749
  3.1290 0.08227451
  3.1300 0.09542269
  3.1310 0.10998481
  3.1320 0.12598198
  3.1330 0.14340981
  3.1340 0.16223479
  3.1350 0.18239116
  3.1360 0.20377847
  3.1370 0.22625985
  3.1380 0.24966138
  3.1390 0.27377258
  3.1400 0.29834805
  3.1410 0.32311057
  3.1420 0.34775534
  3.1430 0.37195564
  3.1440 0.39536951
  3.1450 0.41764751
  3.1460 0.43844115
  3.1470 0.45741185
  3.1480 0.47424002
  3.1490 0.48863400
  3.1500 0.50033843
  3.1510 0.50914177
  3.1520 0.51488268
  3.1530 0.51745493
  3.1540 0.51681066
  3.1550 0.51296188
  3.1560 0.50598008
  3.1570 0.49599401
  3.1580 0.48318576
  3.1590 0.46778525
  3.1600 0.45006331
  3.1610 0.43032381
  3.1620 0.40889504
  3.1630 0.38612063
  3.1640 0.36235049
  3.1650 0.33793206
  3.1660 0.31320207
  3.1670 0.28847922
  3.1680 0.26405789
  3.1690 0.24020302
  3.1700 0.21714631
  3.1710 0.19508377
  3.1720 0.17417447
  3.1730 0.15454059
  3.1740 0.13626846
  3.1750 0.11941057
  3.1760 0.10398841
  3.1770 0.08999570
  3.1780 0.07740219
  3.1790 0.06615756
  3.1800 0.05619535
  3.1810 0.04743687
  3.1820 0.03979479
  3.1830 0.03317655
  3.1840 0.02748723
  3.1850 0.02263212
  3.1860 0.01851886
  3.1870 0.01505907
  3.1880 0.01216961
  3.1890 0.00977349
  3.1900 0.00780041
  3.1910 0.00618700
  3.1920 0.00487682
  3.1930 0.00382023
  3.1940 0.00297396
  3.1950 0.00230079
  3.1960 0.00176894
  3.1970 0.00135159
  3.1980 0.00102629
  3.1990 0.00077445
  3.2000 0.00058078
  3.2010 0.00043284
  3.2020 0.00032059
  3.2030 0.00023599
  3.2040 0.00017265
  3.2050 0.00012555
  3.2060 0.00009076
  3.2070 0.00006525
  3.2080 0.00004668
  3.2090 0.00003328
  3.2100 0.00002371
  3.2110 0.00001697
  3.2120 0.00001232
  3.2130 0.00000922
  3.2140 0.00000730
  3.2150 0.00000630
  3.2160 0.00000607
  3.2170 0.00000650
  3.2180 0.00000760
  3.2190 0.00000937
  3.2200 0.00001191
  3.2210 0.00001535
  3.2220 0.00001987
  3.2230 0.00002569
  3.2240 0.00003309
  3.2250 0.00004242
  3.2260 0.00005409
  3.2270 0.00006855
  3.2280 0.00008636
  3.2290 0.00010812
  3.2300 0.00013454
  3.2310 0.00016638
  3.2320 0.00020448
  3.2330 0.00024974
  3.2340 0.00030312
  3.2350 0.00036563
  3.2360 0.00043830
  3.2370 0.00052214
  3.2380 0.00061816
  3.2390 0.00072730
  3.2400 0.00085039
  3.2410 0.00098813
  3.2420 0.00114105
  3.2430 0.00130946
  3.2440 0.00149340
  3.2450 0.00169259
  3.2460 0.00190644
  3.2470 0.00213398
  3.2480 0.00237384
  3.2490 0.00262426
  3.2500 0.00288308
  3.2510 0.00314776
  3.2520 0.00341540
  3.2530 0.00368278
  3.2540 0.00394643
  3.2550 0.00420270
  3.2560 0.00444782
  3.2570 0.00467801
  3.2580 0.00488957
  3.2590 0.00507896
  3.2600 0.00524294
  3.2610 0.00537861
  3.2620 0.00548356
  3.2630 0.00555587
  3.2640 0.00559423
  3.2650 0.00559794
  3.2660 0.00556698
  3.2670 0.00550196
  3.2680 0.00540414
  3.2690 0.00527540
  3.2700 0.00511817
  3.2710 0.00493539
  3.2720 0.00473041
  3.2730 0.00450694
  3.2740 0.00426894
  3.2750 0.00402055
  3.2760 0.00376603
  3.2770 0.00350966
  3.2780 0.00325571
  3.2790 0.00300840
  3.2800 0.00277187
  3.2810 0.00255017
  3.2820 0.00234729
  3.2830 0.00216720
  3.2840 0.00201387
  3.2850 0.00189134
  3.2860 0.00180382
  3.2870 0.00175574
  3.2880 0.00175182
  3.2890 0.00179719
  3.2900 0.00189742
  3.2910 0.00205856
  3.2920 0.00228722
  3.2930 0.00259053
  3.2940 0.00297613
  3.2950 0.00345210
  3.2960 0.00402687
  3.2970 0.00470909
  3.2980 0.00550743
  3.2990 0.00643038
  3.3000 0.00748603
  3.3010 0.00868177
  3.3020 0.01002405
  3.3030 0.01151808
  3.3040 0.01316757
  3.3050 0.01497451
  3.3060 0.01693892
  3.3070 0.01905881
  3.3080 0.02133002
  3.3090 0.02374630
  3.3100 0.02629938
  3.3110 0.02897925
  3.3120 0.03177436
  3.3130 0.03467210
  3.3140 0.03765923
  3.3150 0.04072240
  3.3160 0.04384871
  3.3170 0.04702625
  3.3180 0.05024461
  3.3190 0.05349535
  3.3200 0.05677232
  3.3210 0.06007185
  3.3220 0.06339281
  3.3230 0.06673644
  3.3240 0.07010601
  3.3250 0.07350625
  3.3260 0.07694266
  3.3270 0.08042059
  3.3280 0.08394425
  3.3290 0.08751559
  3.3300 0.09113326
  3.3310 0.09479151
  3.3320 0.09847925
  3.3330 0.10217931
  3.3340 0.10586792
  3.3350 0.10951447
  3.3360 0.11308156
  3.3370 0.11652552
  3.3380 0.11979711
  3.3390 0.12284272
  3.3400 0.12560575
  3.3410 0.12802831
  3.3420 0.13005308
  3.3430 0.13162528
  3.3440 0.13269466
  3.3450 0.13321738
  3.3460 0.13315780
  3.3470 0.13248996
  3.3480 0.13119877
  3.3490 0.12928084
  3.3500 0.12674484
  3.3510 0.12361156
  3.3520 0.11991338
  3.3530 0.11569348
  3.3540 0.11100462
  3.3550 0.10590759
  3.3560 0.10046954
  3.3570 0.09476201
  3.3580 0.08885900
  3.3590 0.08283496
  3.3600 0.07676296
  3.3610 0.07071288
  3.3620 0.06474993
  3.3630 0.05893334
  3.3640 0.05331539
  3.3650 0.04794067
  3.3660 0.04284566
  3.3670 0.03805867
  3.3680 0.03359988
  3.3690 0.02948178
  3.3700 0.02570967
  3.3710 0.02228240
  3.3720 0.01919316
  3.3730 0.01643034
  3.3740 0.01397847
  3.3750 0.01181907
  3.3760 0.00993152
  3.3770 0.00829381
  3.3780 0.00688332
  3.3790 0.00567735
  3.3800 0.00465367
  3.3810 0.00379095
  3.3820 0.00306902
  3.3830 0.00246919
  3.3840 0.00197428
  3.3850 0.00156879
  3.3860 0.00123887
  3.3870 0.00097229
  3.3880 0.00075837
  3.3890 0.00058791
  3.3900 0.00045303
  3.3910 0.00034705
  3.3920 0.00026440
  3.3930 0.00020046
  3.3940 0.00015142
  3.3950 0.00011423
  3.3960 0.00008643
  3.3970 0.00006610
  3.3980 0.00005176
  3.3990 0.00004234
  3.4000 0.00003709
  3.4010 0.00003557
  3.4020 0.00003762
  3.4030 0.00004335
  3.4040 0.00005312
  3.4050 0.00006757
  3.4060 0.00008765
  3.4070 0.00011462
  3.4080 0.00015012
  3.4090 0.00019620
  3.4100 0.00025537
  3.4110 0.00033071
  3.4120 0.00042587
  3.4130 0.00054517
  3.4140 0.00069366
  3.4150 0.00087720
  3.4160 0.00110246
  3.4170 0.00137699
  3.4180 0.00170923
  3.4190 0.00210847
  3.4200 0.00258481
  3.4210 0.00314910
  3.4220 0.00381275
  3.4230 0.00458761
  3.4240 0.00548565
  3.4250 0.00651877
  3.4260 0.00769834
  3.4270 0.00903490
  3.4280 0.01053767
  3.4290 0.01221407
  3.4300 0.01406925
  3.4310 0.01610557
  3.4320 0.01832213
  3.4330 0.02071432
  3.4340 0.02327340
  3.4350 0.02598627
  3.4360 0.02883517
  3.4370 0.03179771
  3.4380 0.03484688
  3.4390 0.03795130
  3.4400 0.04107562
  3.4410 0.04418107
  3.4420 0.04722620
  3.4430 0.05016774
  3.4440 0.05296155
  3.4450 0.05556375
  3.4460 0.05793182
  3.4470 0.06002572
  3.4480 0.06180909
  3.4490 0.06325021
  3.4500 0.06432301
  3.4510 0.06500778
  3.4520 0.06529187
  3.4530 0.06516997
  3.4540 0.06464435
  3.4550 0.06372479
  3.4560 0.06242821
  3.4570 0.06077823
  3.4580 0.05880442
  3.4590 0.05654140
  3.4600 0.05402787
  3.4610 0.05130550
  3.4620 0.04841776
  3.4630 0.04540882
  3.4640 0.04232243
  3.4650 0.03920089
  3.4660 0.03608414
  3.4670 0.03300897
  3.4680 0.03000842
  3.4690 0.02711131
  3.4700 0.02434191
  3.4710 0.02171987
  3.4720 0.01926016
  3.4730 0.01697330
  3.4740 0.01486556
  3.4750 0.01293937
  3.4760 0.01119372
  3.4770 0.00962468
  3.4780 0.00822583
  3.4790 0.00698886
  3.4800 0.00590399
  3.4810 0.00496048
  3.4820 0.00414705
  3.4830 0.00345222
  3.4840 0.00286473
  3.4850 0.00237373
  3.4860 0.00196904
  3.4870 0.00164131
  3.4880 0.00138216
  3.4890 0.00118423
  3.4900 0.00104125
  3.4910 0.00094801
  3.4920 0.00090035
  3.4930 0.00089513
  3.4940 0.00093013
  3.4950 0.00100398
  3.4960 0.00111602
  3.4970 0.00126625
  3.4980 0.00145512
  3.4990 0.00168347
  3.5000 0.00195232
  3.5010 0.00226275
  3.5020 0.00261576
  3.5030 0.00301207
  3.5040 0.00345202
  3.5050 0.00393539
  3.5060 0.00446124
  3.5070 0.00502787
  3.5080 0.00563263
  3.5090 0.00627190
  3.5100 0.00694103
  3.5110 0.00763431
  3.5120 0.00834501
  3.5130 0.00906545
  3.5140 0.00978708
  3.5150 0.01050064
  3.5160 0.01119634
  3.5170 0.01186403
  3.5180 0.01249351
  3.5190 0.01307471
  3.5200 0.01359800
  3.5210 0.01405441
  3.5220 0.01443594
  3.5230 0.01473576
  3.5240 0.01494839
  3.5250 0.01506993
  3.5260 0.01509812
  3.5270 0.01503243
  3.5280 0.01487408
  3.5290 0.01462601
  3.5300 0.01429276
  3.5310 0.01388037
  3.5320 0.01339618
  3.5330 0.01284859
  3.5340 0.01224685
  3.5350 0.01160081
  3.5360 0.01092061
  3.5370 0.01021645
  3.5380 0.00949834
  3.5390 0.00877587
  3.5400 0.00805801
  3.5410 0.00735292
  3.5420 0.00666786
  3.5430 0.00600908
  3.5440 0.00538175
  3.5450 0.00478999
  3.5460 0.00423682
  3.5470 0.00372426
  3.5480 0.00325338
  3.5490 0.00282439
  3.5500 0.00243674
  3.5510 0.00208923
  3.5520 0.00178017
  3.5530 0.00150740
  3.5540 0.00126850
  3.5550 0.00106084
  3.5560 0.00088166
  3.5570 0.00072820
  3.5580 0.00059771
  3.5590 0.00048756
  3.5600 0.00039524
  3.5610 0.00031841
  3.5620 0.00025492
  3.5630 0.00020282
  3.5640 0.00016037
  3.5650 0.00012602
  3.5660 0.00009841
  3.5670 0.00007637
  3.5680 0.00005890
  3.5690 0.00004514
  3.5700 0.00003439
  3.5710 0.00002603
  3.5720 0.00001958
  3.5730 0.00001464
  3.5740 0.00001088
  3.5750 0.00000803
  3.5760 0.00000589
  3.5770 0.00000430
  3.5780 0.00000311
  3.5790 0.00000224
  3.5800 0.00000160
  3.5810 0.00000114
  3.5820 0.00000081
  3.5830 0.00000057
  3.5840 0.00000040
  3.5850 0.00000027
  3.5860 0.00000019
  3.5870 0.00000013
  3.5880 0.00000009
  3.5890 0.00000006
  3.5900 0.00000004
  3.5910 0.00000003
  3.5920 0.00000002
  3.5930 0.00000001
  3.5940 0.00000001
  3.5950 0.00000001
  3.5960 0.00000000
  3.5970 0.00000000
  3.5980 0.00000000
  3.5990 0.00000000
  3.6000 0.00000000
  3.6010 0.00000000
  3.6020 0.00000000
  3.6030 0.00000000
  3.6040 0.00000000
  3.6050 0.00000000
  3.6060 0.00000000
  3.6070 0.00000000
  3.6080 0.00000000
  3.6090 0.00000000
  3.6100 0.00000000
  3.6110 0.00000000
  3.6120 0.00000000
  3.6130 0.00000000
  3.6140 0.00000000
  3.6150 0.00000000
  3.6160 0.00000000
  3.6170 0.00000000
  3.6180 0.00000000
  3.6190 0.00000000
  3.6200 0.00000000
  3.6210 0.00000000
  3.6220 0.00000000
  3.6230 0.00000000
  3.6240 0.00000000
  3.6250 0.00000000
  3.6260 0.00000000
  3.6270 0.00000000
  3.6280 0.00000000
  3.6290 0.00000000
  3.6300 0.00000000
  3.6310 0.00000000
  3.6320 0.00000000
  3.6330 0.00000000
  3.6340 0.00000000
  3.6350 0.00000000
  3.6360 0.00000000
  3.6370 0.00000000
  3.6380 0.00000000
  3.6390 0.00000000
  3.6400 0.00000000
  3.6410 0.00000000
  3.6420 0.00000000
  3.6430 0.00000000
  3.6440 0.00000000
  3.6450 0.00000000
  3.6460 0.00000000
  3.6470 0.00000000
  3.6480 0.00000000
  3.6490 0.00000000
  3.6500 0.00000000
  3.6510 0.00000000
  3.6520 0.00000000
  3.6530 0.00000000
  3.6540 0.00000000
  3.6550 0.00000000
  3.6560 0.00000000
  3.6570 0.00000000
  3.6580 0.00000000
  3.6590 0.00000000
  3.6600 0.00000000
  3.6610 0.00000000
  3.6620 0.00000000
  3.6630 0.00000000
  3.6640 0.00000000
  3.6650 0.00000000
  3.6660 0.00000000
  3.6670 0.00000000
  3.6680 0.00000000
  3.6690 0.00000000
  3.6700 0.00000000
  3.6710 0.00000000
  3.6720 0.00000000
  3.6730 0.00000000
  3.6740 0.00000000
  3.6750 0.00000000
  3.6760 0.00000000
  3.6770 0.00000000
  3.6780 0.00000000
  3.6790 0.00000000
  3.6800 0.00000000
  3.6810 0.00000000
  3.6820 0.00000000
  3.6830 0.00000000
  3.6840 0.00000000
  3.6850 0.00000000
  3.6860 0.00000000
  3.6870 0.00000000
  3.6880 0.00000000
  3.6890 0.00000000
  3.6900 0.00000000
  3.6910 0.00000000
  3.6920 0.00000000
  3.6930 0.00000000
  3.6940 0.00000000
  3.6950 0.00000000
  3.6960 0.00000000
  3.6970 0.00000000
  3.6980 0.00000000
  3.6990 0.00000000
  3.7000 0.00000000
  3.7010 0.00000000
  3.7020 0.00000000
  3.7030 0.00000000
  3.7040 0.00000000
  3.7050 0.00000000
  3.7060 0.00000000
  3.7070 0.00000000
  3.7080 0.00000000
  3.7090 0.00000000
  3.7100 0.00000000
  3.7110 0.00000000
  3.7120 0.00000000
  3.7130 0.00000000
  3.7140 0.00000000
  3.7150 0.00000000
  3.7160 0.00000000
  3.7170 0.00000000
  3.7180 0.00000000
  3.7190 0.00000000
  3.7200 0.00000000
  3.7210 0.00000000
  3.7220 0.00000000
  3.7230 0.00000000
  3.7240 0.00000000
  3.7250 0.00000000
  3.7260 0.00000000
  3.7270 0.00000000
  3.7280 0.00000000
  3.7290 0.00000000
  3.7300 0.00000000
  3.7310 0.00000000
  3.7320 0.00000000
  3.7330 0.00000000
  3.7340 0.00000000
  3.7350 0.00000000
  3.7360 0.00000000
  3.7370 0.00000000
  3.7380 0.00000000
  3.7390 0.00000000
  3.7400 0.00000000
  3.7410 0.00000000
  3.7420 0.00000000
  3.7430 0.00000000
  3.7440 0.00000000
  3.7450 0.00000000
  3.7460 0.00000000
  3.7470 0.00000000
  3.7480 0.00000000
  3.7490 0.00000000
  3.7500 0.00000000
  3.7510 0.00000000
  3.7520 0.00000000
  3.7530 0.00000000
  3.7540 0.00000000
  3.7550 0.00000000
  3.7560 0.00000000
  3.7570 0.00000000
  3.7580 0.00000000
  3.7590 0.00000000
  3.7600 0.00000000
  3.7610 0.00000000
  3.7620 0.00000000
  3.7630 0.00000000
  3.7640 0.00000000
  3.7650 0.00000000
  3.7660 0.00000000
  3.7670 0.00000000
  3.7680 0.00000000
  3.7690 0.00000000
  3.7700 0.00000000
  3.7710 0.00000000
  3.7720 0.00000000
  3.7730 0.00000000
  3.7740 0.00000000
  3.7750 0.00000000
  3.7760 0.00000000
  3.7770 0.00000000
  3.7780 0.00000000
  3.7790 0.00000000
  3.7800 0.00000000
  3.7810 0.00000000
  3.7820 0.00000000
  3.7830 0.00000000
  3.7840 0.00000000
  3.7850 0.00000000
  3.7860 0.00000000
  3.7870 0.00000000
  3.7880 0.00000000
  3.7890 0.00000000
  3.7900 0.00000000
  3.7910 0.00000000
  3.7920 0.00000000
  3.7930 0.00000000
  3.7940 0.00000000
  3.7950 0.00000000
  3.7960 0.00000000
  3.7970 0.00000000
  3.7980 0.00000000
  3.7990 0.00000000
  3.8000 0.00000000
  3.8010 0.00000000
  3.8020 0.00000000
  3.8030 0.00000000
  3.8040 0.00000000
  3.8050 0.00000000
  3.8060 0.00000000
  3.8070 0.00000000
  3.8080 0.00000000
  3.8090 0.00000000
  3.8100 0.00000000
  3.8110 0.00000000
  3.8120 0.00000000
  3.8130 0.00000000
  3.8140 0.00000000
  3.8150 0.00000000
  3.8160 0.00000000
  3.8170 0.00000000
  3.8180 0.00000000
  3.8190 0.00000000
  3.8200 0.00000000
  3.8210 0.00000000
  3.8220 0.00000000
  3.8230 0.00000000
  3.8240 0.00000000
  3.8250 0.00000000
  3.8260 0.00000000
  3.8270 0.00000000
  3.8280 0.00000000
  3.8290 0.00000000
  3.8300 0.00000000
  3.8310 0.00000000
  3.8320 0.00000000
  3.8330 0.00000000
  3.8340 0.00000000
  3.8350 0.00000000
  3.8360 0.00000000
  3.8370 0.00000000
  3.8380 0.00000000
  3.8390 0.00000000
  3.8400 0.00000000
  3.8410 0.00000000
  3.8420 0.00000000
  3.8430 0.00000000
  3.8440 0.00000000
  3.8450 0.00000000
  3.8460 0.00000000
  3.8470 0.00000000
  3.8480 0.00000000
  3.8490 0.00000000
  3.8500 0.00000000
  3.8510 0.00000000
  3.8520 0.00000000
  3.8530 0.00000000
  3.8540 0.00000000
  3.8550 0.00000000
  3.8560 0.00000000
  3.8570 0.00000000
  3.8580 0.00000000
  3.8590 0.00000000
  3.8600 0.00000000
  3.8610 0.00000000
  3.8620 0.00000000
  3.8630 0.00000000
  3.8640 0.00000000
  3.8650 0.00000000
  3.8660 0.00000000
  3.8670 0.00000000
  3.8680 0.00000000
  3.8690 0.00000000
  3.8700 0.00000000
  3.8710 0.00000000
  3.8720 0.00000000
  3.8730 0.00000000
  3.8740 0.00000000
  3.8750 0.00000000
  3.8760 0.00000000
  3.8770 0.00000000
  3.8780 0.00000000
  3.8790 0.00000000
  3.8800 0.00000000
  3.8810 0.00000000
  3.8820 0.00000000
  3.8830 0.00000000
  3.8840 0.00000000
  3.8850 0.00000000
  3.8860 0.00000000
  3.8870 0.00000000
  3.8880 0.00000000
  3.8890 0.00000000
  3.8900 0.00000000
  3.8910 0.00000000
  3.8920 0.00000000
  3.8930 0.00000000
  3.8940 0.00000000
  3.8950 0.00000000
  3.8960 0.00000000
  3.8970 0.00000000
  3.8980 0.00000000
  3.8990 0.00000000
  3.9000 0.00000000
  3.9010 0.00000000
  3.9020 0.00000000
  3.9030 0.00000000
  3.9040 0.00000000
  3.9050 0.00000000
  3.9060 0.00000000
  3.9070 0.00000000
  3.9080 0.00000000
  3.9090 0.00000000
  3.9100 0.00000000
  3.9110 0.00000000
  3.9120 0.00000000
  3.9130 0.00000000
  3.9140 0.00000000
  3.9150 0.00000000
  3.9160 0.00000000
  3.9170 0.00000000
  3.9180 0.00000000
  3.9190 0.00000000
  3.9200 0.00000000
  3.9210 0.00000000
  3.9220 0.00000000
  3.9230 0.00000000
  3.9240 0.00000000
  3.9250 0.00000000
  3.9260 0.00000000
  3.9270 0.00000000
  3.9280 0.00000000
  3.9290 0.00000000
  3.9300 0.00000000
  3.9310 0.00000000
  3.9320 0.00000000
  3.9330 0.00000000
  3.9340 0.00000000
  3.9350 0.00000000
  3.9360 0.00000000
  3.9370 0.00000000
  3.9380 0.00000000
  3.9390 0.00000000
  3.9400 0.00000000
  3.9410 0.00000000
  3.9420 0.00000000
  3.9430 0.00000000
  3.9440 0.00000000
  3.9450 0.00000000
  3.9460 0.00000000
  3.9470 0.00000000
  3.9480 0.00000000
  3.9490 0.00000000
  3.9500 0.00000000
  3.9510 0.00000000
  3.9520 0.00000000
  3.9530 0.00000000
  3.9540 0.00000000
  3.9550 0.00000000
  3.9560 0.00000000
  3.9570 0.00000000
  3.9580 0.00000000
  3.9590 0.00000000
  3.9600 0.00000000
  3.9610 0.00000000
  3.9620 0.00000000
  3.9630 0.00000000
  3.9640 0.00000000
  3.9650 0.00000000
  3.9660 0.00000000
  3.9670 0.00000000
  3.9680 0.00000000
  3.9690 0.00000000
  3.9700 0.00000000
  3.9710 0.00000000
  3.9720 0.00000000
  3.9730 0.00000000
  3.9740 0.00000000
  3.9750 0.00000000
  3.9760 0.00000000
  3.9770 0.00000000
  3.9780 0.00000000
  3.9790 0.00000000
  3.9800 0.00000000
  3.9810 0.00000000
  3.9820 0.00000000
  3.9830 0.00000000
  3.9840 0.00000000
  3.9850 0.00000000
  3.9860 0.00000000
  3.9870 0.00000000
  3.9880 0.00000000
  3.9890 0.00000000
  3.9900 0.00000000
  3.9910 0.00000000
  3.9920 0.00000000
  3.9930 0.00000000
  3.9940 0.00000000
  3.9950 0.00000000
  3.9960 0.00000000
  3.9970 0.00000000
  3.9980 0.00000000
  3.9990 0.00000000
  4.0000 0.00000000
  4.0010 0.00000000
  4.0020 0.00000000
  4.0030 0.00000000
  4.0040 0.00000000
  4.0050 0.00000000
  4.0060 0.00000000
  4.0070 0.00000000
  4.0080 0.00000000
  4.0090 0.00000000
  4.0100 0.00000000
  4.0110 0.00000000
  4.0120 0.00000000
  4.0130 0.00000000
  4.0140 0.00000000
  4.0150 0.00000000
  4.0160 0.00000000
  4.0170 0.00000000
  4.0180 0.00000000
  4.0190 0.00000000
  4.0200 0.00000000
  4.0210 0.00000000
  4.0220 0.00000000
  4.0230 0.00000000
  4.0240 0.00000000
  4.0250 0.00000000
  4.0260 0.00000000
  4.0270 0.00000000
  4.0280 0.00000000
  4.0290 0.00000000
  4.0300 0.00000000
  4.0310 0.00000000
  4.0320 0.00000000
  4.0330 0.00000000
  4.0340 0.00000000
  4.0350 0.00000000
  4.0360 0.00000000
  4.0370 0.00000000
  4.0380 0.00000000
  4.0390 0.00000000
  4.0400 0.00000000
  4.0410 0.00000000
  4.0420 0.00000000
  4.0430 0.00000000
  4.0440 0.00000000
  4.0450 0.00000000
  4.0460 0.00000000
  4.0470 0.00000000
  4.0480 0.00000000
  4.0490 0.00000000
  4.0500 0.00000000
  4.0510 0.00000000
  4.0520 0.00000000
  4.0530 0.00000000
  4.0540 0.00000000
  4.0550 0.00000000
  4.0560 0.00000000
  4.0570 0.00000000
  4.0580 0.00000000
  4.0590 0.00000000
  4.0600 0.00000000
  4.0610 0.00000000
  4.0620 0.00000000
  4.0630 0.00000000
  4.0640 0.00000000
  4.0650 0.00000000
  4.0660 0.00000000
  4.0670 0.00000000
  4.0680 0.00000000
  4.0690 0.00000000
  4.0700 0.00000000
  4.0710 0.00000000
  4.0720 0.00000000
  4.0730 0.00000000
  4.0740 0.00000000
  4.0750 0.00000000
  4.0760 0.00000000
  4.0770 0.00000000
  4.0780 0.00000000
  4.0790 0.00000000
  4.0800 0.00000000
  4.0810 0.00000000
  4.0820 0.00000000
  4.0830 0.00000000
  4.0840 0.00000000
  4.0850 0.00000000
  4.0860 0.00000000
  4.0870 0.00000000
  4.0880 0.00000000
  4.0890 0.00000000
  4.0900 0.00000000
  4.0910 0.00000000
  4.0920 0.00000000
  4.0930 0.00000000
  4.0940 0.00000000
  4.0950 0.00000000
  4.0960 0.00000000
  4.0970 0.00000000
  4.0980 0.00000000
  4.0990 0.00000000
  4.1000 0.00000000
  4.1010 0.00000000
  4.1020 0.00000000
  4.1030 0.00000000
  4.1040 0.00000000
  4.1050 0.00000000
  4.1060 0.00000000
  4.1070 0.00000000
  4.1080 0.00000000
  4.1090 0.00000000
  4.1100 0.00000000
  4.1110 0.00000000
  4.1120 0.00000000
  4.1130 0.00000000
  4.1140 0.00000000
  4.1150 0.00000000
  4.1160 0.00000000
  4.1170 0.00000000
  4.1180 0.00000000
  4.1190 0.00000000
  4.1200 0.00000000
  4.1210 0.00000000
  4.1220 0.00000000
  4.1230 0.00000000
  4.1240 0.00000000
  4.1250 0.00000000
  4.1260 0.00000000
  4.1270 0.00000000
  4.1280 0.00000000
  4.1290 0.00000000
  4.1300 0.00000000
  4.1310 0.00000000
  4.1320 0.00000000
  4.1330 0.00000000
  4.1340 0.00000000
  4.1350 0.00000000
  4.1360 0.00000000
  4.1370 0.00000000
  4.1380 0.00000000
  4.1390 0.00000000
  4.1400 0.00000000
  4.1410 0.00000000
  4.1420 0.00000000
  4.1430 0.00000000
  4.1440 0.00000000
  4.1450 0.00000000
  4.1460 0.00000000
  4.1470 0.00000000
  4.1480 0.00000000
  4.1490 0.00000000
  4.1500 0.00000000
  4.1510 0.00000000
  4.1520 0.00000000
  4.1530 0.00000000
  4.1540 0.00000000
  4.1550 0.00000000
  4.1560 0.00000000
  4.1570 0.00000000
  4.1580 0.00000000
  4.1590 0.00000000
  4.1600 0.00000000
  4.1610 0.00000000
  4.1620 0.00000000
  4.1630 0.00000000
  4.1640 0.00000000
  4.1650 0.00000000
  4.1660 0.00000000
  4.1670 0.00000000
  4.1680 0.00000000
  4.1690 0.00000000
  4.1700 0.00000000
  4.1710 0.00000000
  4.1720 0.00000000
  4.1730 0.00000000
  4.1740 0.00000000
  4.1750 0.00000000
  4.1760 0.00000000
  4.1770 0.00000000
  4.1780 0.00000000
  4.1790 0.00000000
  4.1800 0.00000000
  4.1810 0.00000000
  4.1820 0.00000000
  4.1830 0.00000000
  4.1840 0.00000000
  4.1850 0.00000000
  4.1860 0.00000000
  4.1870 0.00000000
  4.1880 0.00000000
  4.1890 0.00000000
  4.1900 0.00000000
  4.1910 0.00000000
  4.1920 0.00000000
  4.1930 0.00000000
  4.1940 0.00000000
  4.1950 0.00000000
  4.1960 0.00000000
  4.1970 0.00000000
  4.1980 0.00000000
  4.1990 0.00000000
  4.2000 0.00000000
  4.2010 0.00000000
  4.2020 0.00000000
  4.2030 0.00000000
  4.2040 0.00000000
  4.2050 0.00000000
  4.2060 0.00000000
  4.2070 0.00000000
  4.2080 0.00000000
  4.2090 0.00000000
  4.2100 0.00000000
  4.2110 0.00000000
  4.2120 0.00000000
  4.2130 0.00000000
  4.2140 0.00000000
  4.2150 0.00000000
  4.2160 0.00000000
  4.2170 0.00000000
  4.2180 0.00000000
  4.2190 0.00000000
  4.2200 0.00000000
  4.2210 0.00000000
  4.2220 0.00000000
  4.2230 0.00000000
  4.2240 0.00000000
  4.2250 0.00000000
  4.2260 0.00000000
  4.2270 0.00000000
  4.2280 0.00000000
  4.2290 0.00000000
  4.2300 0.00000000
  4.2310 0.00000000
  4.2320 0.00000000
  4.2330 0.00000000
  4.2340 0.00000000
  4.2350 0.00000000
  4.2360 0.00000000
  4.2370 0.00000000
  4.2380 0.00000000
  4.2390 0.00000000
  4.2400 0.00000000
  4.2410 0.00000000
  4.2420 0.00000000
  4.2430 0.00000000
  4.2440 0.00000000
  4.2450 0.00000000
  4.2460 0.00000000
  4.2470 0.00000000
  4.2480 0.00000000
  4.2490 0.00000000
  4.2500 0.00000000
  4.2510 0.00000000
  4.2520 0.00000000
  4.2530 0.00000000
  4.2540 0.00000000
  4.2550 0.00000000
  4.2560 0.00000000
  4.2570 0.00000000
  4.2580 0.00000000
  4.2590 0.00000000
  4.2600 0.00000000
  4.2610 0.00000000
  4.2620 0.00000000
  4.2630 0.00000000
  4.2640 0.00000000
  4.2650 0.00000000
  4.2660 0.00000000
  4.2670 0.00000000
  4.2680 0.00000000
  4.2690 0.00000000
  4.2700 0.00000000
  4.2710 0.00000000
  4.2720 0.00000000
  4.2730 0.00000000
  4.2740 0.00000000
  4.2750 0.00000000
  4.2760 0.00000000
  4.2770 0.00000000
  4.2780 0.00000000
  4.2790 0.00000000
  4.2800 0.00000000
  4.2810 0.00000000
  4.2820 0.00000000
  4.2830 0.00000000
  4.2840 0.00000000
  4.2850 0.00000000
  4.2860 0.00000000
  4.2870 0.00000000
  4.2880 0.00000000
  4.2890 0.00000000
  4.2900 0.00000000
  4.2910 0.00000000
  4.2920 0.00000000
  4.2930 0.00000000
  4.2940 0.00000000
  4.2950 0.00000000
  4.2960 0.00000000
  4.2970 0.00000000
  4.2980 0.00000000
  4.2990 0.00000000
  4.3000 0.00000000
  4.3010 0.00000000
  4.3020 0.00000000
  4.3030 0.00000000
  4.3040 0.00000000
  4.3050 0.00000000
  4.3060 0.00000000
  4.3070 0.00000000
  4.3080 0.00000000
  4.3090 0.00000000
  4.3100 0.00000000
  4.3110 0.00000000
  4.3120 0.00000000
  4.3130 0.00000000
  4.3140 0.00000000
  4.3150 0.00000000
  4.3160 0.00000000
  4.3170 0.00000000
  4.3180 0.00000000
  4.3190 0.00000000
  4.3200 0.00000000
  4.3210 0.00000000
  4.3220 0.00000000
  4.3230 0.00000000
  4.3240 0.00000000
  4.3250 0.00000000
  4.3260 0.00000000
  4.3270 0.00000000
  4.3280 0.00000000
  4.3290 0.00000000
  4.3300 0.00000000
  4.3310 0.00000000
  4.3320 0.00000000
  4.3330 0.00000000
  4.3340 0.00000000
  4.3350 0.00000000
  4.3360 0.00000000
  4.3370 0.00000000
  4.3380 0.00000000
  4.3390 0.00000000
  4.3400 0.00000000
  4.3410 0.00000000
  4.3420 0.00000000
  4.3430 0.00000000
  4.3440 0.00000000
  4.3450 0.00000000
  4.3460 0.00000000
  4.3470 0.00000000
  4.3480 0.00000000
  4.3490 0.00000000
  4.3500 0.00000000
  4.3510 0.00000000
  4.3520 0.00000000
  4.3530 0.00000000
  4.3540 0.00000000
  4.3550 0.00000000
  4.3560 0.00000000
  4.3570 0.00000000
  4.3580 0.00000000
  4.3590 0.00000000
  4.3600 0.00000000
  4.3610 0.00000000
  4.3620 0.00000000
  4.3630 0.00000000
  4.3640 0.00000000
  4.3650 0.00000000
  4.3660 0.00000000
  4.3670 0.00000000
  4.3680 0.00000000
  4.3690 0.00000000
  4.3700 0.00000000
  4.3710 0.00000000
  4.3720 0.00000000
  4.3730 0.00000000
  4.3740 0.00000000
  4.3750 0.00000000
  4.3760 0.00000000
  4.3770 0.00000000
  4.3780 0.00000000
  4.3790 0.00000000
  4.3800 0.00000000
  4.3810 0.00000000
  4.3820 0.00000000
  4.3830 0.00000000
  4.3840 0.00000000
  4.3850 0.00000000
  4.3860 0.00000000
  4.3870 0.00000000
  4.3880 0.00000000
  4.3890 0.00000000
  4.3900 0.00000000
  4.3910 0.00000000
  4.3920 0.00000000
  4.3930 0.00000000
  4.3940 0.00000000
  4.3950 0.00000000
  4.3960 0.00000000
  4.3970 0.00000000
  4.3980 0.00000000
  4.3990 0.00000000
  4.4000 0.00000000
  4.4010 0.00000000
  4.4020 0.00000000
  4.4030 0.00000000
  4.4040 0.00000000
  4.4050 0.00000000
  4.4060 0.00000000
  4.4070 0.00000000
  4.4080 0.00000000
  4.4090 0.00000000
  4.4100 0.00000000
  4.4110 0.00000000
  4.4120 0.00000000
  4.4130 0.00000000
  4.4140 0.00000000
  4.4150 0.00000000
  4.4160 0.00000000
  4.4170 0.00000000
  4.4180 0.00000000
  4.4190 0.00000000
  4.4200 0.00000000
  4.4210 0.00000000
  4.4220 0.00000000
  4.4230 0.00000000
  4.4240 0.00000000
  4.4250 0.00000000
  4.4260 0.00000000
  4.4270 0.00000000
  4.4280 0.00000000
  4.4290 0.00000000
  4.4300 0.00000000
  4.4310 0.00000000
  4.4320 0.00000000
  4.4330 0.00000000
  4.4340 0.00000000
  4.4350 0.00000000
  4.4360 0.00000000
  4.4370 0.00000000
  4.4380 0.00000000
  4.4390 0.00000000
  4.4400 0.00000000
  4.4410 0.00000000
  4.4420 0.00000000
  4.4430 0.00000000
  4.4440 0.00000000
  4.4450 0.00000000
  4.4460 0.00000000
  4.4470 0.00000000
  4.4480 0.00000000
  4.4490 0.00000000
  4.4500 0.00000000
  4.4510 0.00000000
  4.4520 0.00000000
  4.4530 0.00000000
  4.4540 0.00000000
  4.4550 0.00000000
  4.4560 0.00000000
  4.4570 0.00000000
  4.4580 0.00000000
  4.4590 0.00000000
  4.4600 0.00000000
  4.4610 0.00000000
  4.4620 0.00000000
  4.4630 0.00000000
  4.4640 0.00000000
  4.4650 0.00000000
  4.4660 0.00000000
  4.4670 0.00000000
  4.4680 0.00000000
  4.4690 0.00000000
  4.4700 0.00000000
  4.4710 0.00000000
  4.4720 0.00000000
  4.4730 0.00000000
  4.4740 0.00000000
  4.4750 0.00000000
  4.4760 0.00000000
  4.4770 0.00000000
  4.4780 0.00000000
  4.4790 0.00000000
  4.4800 0.00000000
  4.4810 0.00000000
  4.4820 0.00000000
  4.4830 0.00000000
  4.4840 0.00000000
  4.4850 0.00000000
  4.4860 0.00000000
  4.4870 0.00000000
  4.4880 0.00000000
  4.4890 0.00000000
  4.4900 0.00000000
  4.4910 0.00000000
  4.4920 0.00000000
  4.4930 0.00000000
  4.4940 0.00000000
  4.4950 0.00000000
  4.4960 0.00000000
  4.4970 0.00000000
  4.4980 0.00000000
  4.4990 0.00000000
  4.5000 0.00000000
  4.5010 0.00000000
  4.5020 0.00000000
  4.5030 0.00000000
  4.5040 0.00000000
  4.5050 0.00000000
  4.5060 0.00000000
  4.5070 0.00000000
  4.5080 0.00000000
  4.5090 0.00000000
  4.5100 0.00000000
  4.5110 0.00000000
  4.5120 0.00000000
  4.5130 0.00000000
  4.5140 0.00000000
  4.5150 0.00000000
  4.5160 0.00000000
  4.5170 0.00000000
  4.5180 0.00000000
  4.5190 0.00000000
  4.5200 0.00000000
  4.5210 0.00000000
  4.5220 0.00000000
  4.5230 0.00000000
  4.5240 0.00000000
  4.5250 0.00000000
  4.5260 0.00000000
  4.5270 0.00000000
  4.5280 0.00000000
  4.5290 0.00000000
  4.5300 0.00000000
  4.5310 0.00000000
  4.5320 0.00000000
  4.5330 0.00000000
  4.5340 0.00000000
  4.5350 0.00000000
  4.5360 0.00000000
  4.5370 0.00000000
  4.5380 0.00000000
  4.5390 0.00000000
  4.5400 0.00000000
  4.5410 0.00000000
  4.5420 0.00000000
  4.5430 0.00000000
  4.5440 0.00000000
  4.5450 0.00000000
  4.5460 0.00000000
  4.5470 0.00000000
  4.5480 0.00000000
  4.5490 0.00000000
  4.5500 0.00000000
  4.5510 0.00000000
  4.5520 0.00000000
  4.5530 0.00000000
  4.5540 0.00000000
  4.5550 0.00000000
  4.5560 0.00000000
  4.5570 0.00000000
  4.5580 0.00000000
  4.5590 0.00000000
  4.5600 0.00000000
  4.5610 0.00000000
  4.5620 0.00000000
  4.5630 0.00000000
  4.5640 0.00000000
  4.5650 0.00000000
  4.5660 0.00000000
  4.5670 0.00000000
  4.5680 0.00000000
  4.5690 0.00000000
  4.5700 0.00000000
  4.5710 0.00000000
  4.5720 0.00000000
  4.5730 0.00000000
  4.5740 0.00000000
  4.5750 0.00000000
  4.5760 0.00000000
  4.5770 0.00000000
  4.5780 0.00000000
  4.5790 0.00000000
  4.5800 0.00000000
  4.5810 0.00000000
  4.5820 0.00000000
  4.5830 0.00000000
  4.5840 0.00000000
  4.5850 0.00000000
  4.5860 0.00000000
  4.5870 0.00000000
  4.5880 0.00000000
  4.5890 0.00000000
  4.5900 0.00000000
  4.5910 0.00000000
  4.5920 0.00000000
  4.5930 0.00000000
  4.5940 0.00000000
  4.5950 0.00000000
  4.5960 0.00000000
  4.5970 0.00000000
  4.5980 0.00000000
  4.5990 0.00000000
  4.6000 0.00000000
  4.6010 0.00000000
  4.6020 0.00000000
  4.6030 0.00000000
  4.6040 0.00000000
  4.6050 0.00000000
  4.6060 0.00000000
  4.6070 0.00000000
  4.6080 0.00000000
  4.6090 0.00000000
  4.6100 0.00000000
  4.6110 0.00000000
  4.6120 0.00000000
  4.6130 0.00000000
  4.6140 0.00000000
  4.6150 0.00000000
  4.6160 0.00000000
  4.6170 0.00000000
  4.6180 0.00000000
  4.6190 0.00000000
  4.6200 0.00000000
  4.6210 0.00000000
  4.6220 0.00000000
  4.6230 0.00000000
  4.6240 0.00000000
  4.6250 0.00000000
  4.6260 0.00000000
  4.6270 0.00000000
  4.6280 0.00000000
  4.6290 0.00000000
  4.6300 0.00000000
  4.6310 0.00000000
  4.6320 0.00000000
  4.6330 0.00000000
  4.6340 0.00000000
  4.6350 0.00000000
  4.6360 0.00000000
  4.6370 0.00000000
  4.6380 0.00000000
  4.6390 0.00000000
  4.6400 0.00000000
  4.6410 0.00000000
  4.6420 0.00000000
  4.6430 0.00000000
  4.6440 0.00000000
  4.6450 0.00000000
  4.6460 0.00000000
  4.6470 0.00000000
  4.6480 0.00000000
  4.6490 0.00000000
  4.6500 0.00000000
  4.6510 0.00000000
  4.6520 0.00000000
  4.6530 0.00000000
  4.6540 0.00000000
  4.6550 0.00000000
  4.6560 0.00000000
  4.6570 0.00000000
  4.6580 0.00000000
  4.6590 0.00000000
  4.6600 0.00000000
  4.6610 0.00000000
  4.6620 0.00000000
  4.6630 0.00000000
  4.6640 0.00000000
  4.6650 0.00000000
  4.6660 0.00000000
  4.6670 0.00000000
  4.6680 0.00000000
  4.6690 0.00000000
  4.6700 0.00000000
  4.6710 0.00000000
  4.6720 0.00000000
  4.6730 0.00000000
  4.6740 0.00000000
  4.6750 0.00000000
  4.6760 0.00000000
  4.6770 0.00000000
  4.6780 0.00000000
  4.6790 0.00000000
  4.6800 0.00000000
  4.6810 0.00000000
  4.6820 0.00000000
  4.6830 0.00000000
  4.6840 0.00000000
  4.6850 0.00000000
  4.6860 0.00000000
  4.6870 0.00000000
  4.6880 0.00000000
  4.6890 0.00000000
  4.6900 0.00000000
  4.6910 0.00000000
  4.6920 0.00000000
  4.6930 0.00000000
  4.6940 0.00000000
  4.6950 0.00000000
  4.6960 0.00000000
  4.6970 0.00000000
  4.6980 0.00000000
  4.6990 0.00000000
  4.7000 0.00000000
  4.7010 0.00000000
  4.7020 0.00000000
  4.7030 0.00000000
  4.7040 0.00000000
  4.7050 0.00000000
  4.7060 0.00000000
  4.7070 0.00000000
  4.7080 0.00000000
  4.7090 0.00000000
  4.7100 0.00000000
  4.7110 0.00000000
  4.7120 0.00000000
  4.7130 0.00000000
  4.7140 0.00000000
  4.7150 0.00000000
  4.7160 0.00000000
  4.7170 0.00000000
  4.7180 0.00000000
  4.7190 0.00000000
  4.7200 0.00000000
  4.7210 0.00000000
  4.7220 0.00000000
  4.7230 0.00000000
  4.7240 0.00000000
  4.7250 0.00000000
  4.7260 0.00000000
  4.7270 0.00000000
  4.7280 0.00000000
  4.7290 0.00000000
  4.7300 0.00000000
  4.7310 0.00000000
  4.7320 0.00000000
  4.7330 0.00000000
  4.7340 0.00000000
  4.7350 0.00000000
  4.7360 0.00000000
  4.7370 0.00000000
  4.7380 0.00000000
  4.7390 0.00000000
  4.7400 0.00000000
  4.7410 0.00000000
  4.7420 0.00000000
  4.7430 0.00000000
  4.7440 0.00000000
  4.7450 0.00000000
  4.7460 0.00000000
  4.7470 0.00000000
  4.7480 0.00000000
  4.7490 0.00000000
  4.7500 0.00000000
  4.7510 0.00000000
  4.7520 0.00000000
  4.7530 0.00000000
  4.7540 0.00000000
  4.7550 0.00000000
  4.7560 0.00000000
  4.7570 0.00000000
  4.7580 0.00000000
  4.7590 0.00000000
  4.7600 0.00000000
  4.7610 0.00000000
  4.7620 0.00000000
  4.7630 0.00000000
  4.7640 0.00000000
  4.7650 0.00000000
  4.7660 0.00000000
  4.7670 0.00000000
  4.7680 0.00000000
  4.7690 0.00000000
  4.7700 0.00000000
  4.7710 0.00000000
  4.7720 0.00000000
  4.7730 0.00000000
  4.7740 0.00000000
  4.7750 0.00000000
  4.7760 0.00000000
  4.7770 0.00000000
  4.7780 0.00000000
  4.7790 0.00000000
  4.7800 0.00000000
  4.7810 0.00000000
  4.7820 0.00000000
  4.7830 0.00000000
  4.7840 0.00000000
  4.7850 0.00000000
  4.7860 0.00000000
  4.7870 0.00000000
  4.7880 0.00000000
  4.7890 0.00000000
  4.7900 0.00000000
  4.7910 0.00000000
  4.7920 0.00000000
  4.7930 0.00000000
  4.7940 0.00000000
  4.7950 0.00000000
  4.7960 0.00000000
  4.7970 0.00000000
  4.7980 0.00000000
  4.7990 0.00000000
  4.8000 0.00000000
  4.8010 0.00000000
  4.8020 0.00000000
  4.8030 0.00000000
  4.8040 0.00000000
  4.8050 0.00000000
  4.8060 0.00000000
  4.8070 0.00000000
  4.8080 0.00000000
  4.8090 0.00000000
  4.8100 0.00000000
  4.8110 0.00000000
  4.8120 0.00000000
  4.8130 0.00000000
  4.8140 0.00000000
  4.8150 0.00000000
  4.8160 0.00000000
  4.8170 0.00000000
  4.8180 0.00000000
  4.8190 0.00000000
  4.8200 0.00000000
  4.8210 0.00000000
  4.8220 0.00000000
  4.8230 0.00000000
  4.8240 0.00000000
  4.8250 0.00000000
  4.8260 0.00000000
  4.8270 0.00000000
  4.8280 0.00000000
  4.8290 0.00000000
  4.8300 0.00000000
  4.8310 0.00000000
  4.8320 0.00000000
  4.8330 0.00000000
  4.8340 0.00000000
  4.8350 0.00000000
  4.8360 0.00000000
  4.8370 0.00000000
  4.8380 0.00000000
  4.8390 0.00000000
  4.8400 0.00000000
  4.8410 0.00000000
  4.8420 0.00000000
  4.8430 0.00000000
  4.8440 0.00000000
  4.8450 0.00000000
  4.8460 0.00000000
  4.8470 0.00000000
  4.8480 0.00000000
  4.8490 0.00000000
  4.8500 0.00000000
  4.8510 0.00000000
  4.8520 0.00000000
  4.8530 0.00000000
  4.8540 0.00000000
  4.8550 0.00000000
  4.8560 0.00000000
  4.8570 0.00000000
  4.8580 0.00000000
  4.8590 0.00000000
  4.8600 0.00000000
  4.8610 0.00000000
  4.8620 0.00000000
  4.8630 0.00000000
  4.8640 0.00000000
  4.8650 0.00000000
  4.8660 0.00000000
  4.8670 0.00000000
  4.8680 0.00000000
  4.8690 0.00000000
  4.8700 0.00000000
  4.8710 0.00000000
  4.8720 0.00000000
  4.8730 0.00000000
  4.8740 0.00000000
  4.8750 0.00000000
  4.8760 0.00000000
  4.8770 0.00000000
  4.8780 0.00000000
  4.8790 0.00000000
  4.8800 0.00000000
  4.8810 0.00000000
  4.8820 0.00000000
  4.8830 0.00000000
  4.8840 0.00000000
  4.8850 0.00000000
  4.8860 0.00000000
  4.8870 0.00000000
  4.8880 0.00000000
  4.8890 0.00000000
  4.8900 0.00000000
  4.8910 0.00000000
  4.8920 0.00000000
  4.8930 0.00000000
  4.8940 0.00000000
  4.8950 0.00000000
  4.8960 0.00000000
  4.8970 0.00000000
  4.8980 0.00000000
  4.8990 0.00000000
  4.9000 0.00000000
  4.9010 0.00000000
  4.9020 0.00000000
  4.9030 0.00000000
  4.9040 0.00000000
  4.9050 0.00000000
  4.9060 0.00000000
  4.9070 0.00000000
  4.9080 0.00000000
  4.9090 0.00000000
  4.9100 0.00000000
  4.9110 0.00000000
  4.9120 0.00000000
  4.9130 0.00000000
  4.9140 0.00000000
  4.9150 0.00000000
  4.9160 0.00000000
  4.9170 0.00000000
  4.9180 0.00000000
  4.9190 0.00000000
  4.9200 0.00000000
  4.9210 0.00000000
  4.9220 0.00000000
  4.9230 0.00000000
  4.9240 0.00000000
  4.9250 0.00000000
  4.9260 0.00000000
  4.9270 0.00000000
  4.9280 0.00000000
  4.9290 0.00000000
  4.9300 0.00000000
  4.9310 0.00000000
  4.9320 0.00000000
  4.9330 0.00000000
  4.9340 0.00000000
  4.9350 0.00000000
  4.9360 0.00000000
  4.9370 0.00000000
  4.9380 0.00000000
  4.9390 0.00000000
  4.9400 0.00000000
  4.9410 0.00000000
  4.9420 0.00000000
  4.9430 0.00000000
  4.9440 0.00000000
  4.9450 0.00000000
  4.9460 0.00000000
  4.9470 0.00000000
  4.9480 0.00000000
  4.9490 0.00000000
  4.9500 0.00000000
  4.9510 0.00000000
  4.9520 0.00000000
  4.9530 0.00000000
  4.9540 0.00000000
  4.9550 0.00000000
  4.9560 0.00000000
  4.9570 0.00000000
  4.9580 0.00000000
  4.9590 0.00000000
  4.9600 0.00000000
  4.9610 0.00000000
  4.9620 0.00000000
  4.9630 0.00000000
  4.9640 0.00000000
  4.9650 0.00000000
  4.9660 0.00000000
  4.9670 0.00000000
  4.9680 0.00000000
  4.9690 0.00000000
  4.9700 0.00000000
  4.9710 0.00000000
  4.9720 0.00000000
  4.9730 0.00000000
  4.9740 0.00000000
  4.9750 0.00000000
  4.9760 0.00000000
  4.9770 0.00000000
  4.9780 0.00000000
  4.9790 0.00000000
  4.9800 0.00000000
  4.9810 0.00000000
  4.9820 0.00000000
  4.9830 0.00000000
  4.9840 0.00000000
  4.9850 0.00000000
  4.9860 0.00000000
  4.9870 0.00000000
  4.9880 0.00000000
  4.9890 0.00000000
  4.9900 0.00000000
  4.9910 0.00000000
  4.9920 0.00000000
  4.9930 0.00000000
  4.9940 0.00000000
  4.9950 0.00000000
  4.9960 0.00000000
  4.9970 0.00000000
  4.9980 0.00000000
  4.9990 0.00000000
